x,y,v_x,v_y,t
104175.0,120290.92858565852,-37.0,-64.08587988004847,2140.0
103929.76565210428,119936.05086995405,-49.04686957914367,-70.97554314089302,2145.0
103737.79224000179,119622.85305880579,-38.39468242049937,-62.63956222965179,2150.0
103545.84144828028,119309.64219644788,-38.39015834430278,-62.64217247158254,2155.0
103353.91333771695,118996.41824995042,-38.38562211266565,-62.6447892994907,2160.0
103162.00796941482,118683.18118621258,-38.381073660425535,-62.64741274757036,2165.0
102970.12540480534,118369.93097196115,-38.37651292189539,-62.65004285028505,2170.0
102778.26570565105,118056.66757374929,-38.371939830857855,-62.65267964237056,2175.0
102586.42893404825,117743.3909579551,-38.36735432055954,-62.655323158837874,2180.0
102394.61515242972,117430.10109078021,-38.36275632370528,-62.657973434976086,2185.0
102202.82442356745,117116.79793824843,-38.35814577245222,-62.660630506355346,2190.0
102011.05681057544,116803.48146620428,-38.35352259840381,-62.663294408829884,2195.0
101819.31237691242,116490.15164031157,-38.348886732603916,-62.665965178541015,2200.0
101627.59118638477,116176.80842605197,-38.34423810553051,-62.66864285192031,2205.0
101435.89330314932,115863.4517887235,-38.33957664708964,-62.6713274656927,2210.0
101244.21879171628,115550.0816934391,-38.33490228660902,-62.674019056879544,2215.0
101052.56771695212,115236.69810512509,-38.330214952831724,-62.676717662802005,2220.0
100860.94014408257,114923.30098851967,-38.32551457390968,-62.679423321084215,2225.0
100669.3361386956,114609.89030817138,-38.32080107739716,-62.682136069656565,2230.0
100477.75576674438,114296.46602843759,-38.3160743902441,-62.68485594675916,2235.0
100286.19909455042,113983.02811348285,-38.31133443878938,-62.68758299094506,2240.0
100094.66618880666,113669.57652727743,-38.306581148754,-62.69031724108385,2245.0
99903.15711658049,113356.1112335956,-38.30181444523415,-62.693058736365074,2250.0
99711.67194531702,113042.63219601409,-38.29703425269417,-62.69580751630177,2255.0
99520.21074284223,112729.13937791043,-38.29224049495943,-62.69856362073412,2260.0
99328.77357736618,112415.63274246125,-38.28743309520915,-62.70132708983296,2265.0
99137.36051748633,112102.11225264074,-38.28261197596904,-62.70409796410361,2270.0
98945.97163219082,111788.57787121879,-38.27777705910384,-62.70687628438952,2275.0
98754.60699086176,111475.0295607594,-38.272928265809874,-62.70966209187608,2280.0
98563.26666327873,111161.46728361893,-38.268065516607315,-62.712455428094515,2285.0
98371.95071962207,110847.8910019443,-38.2631887313325,-62.715256334925726,2290.0
98180.65923047642,110534.30067767127,-38.25829782913,-62.718064854604265,2295.0
97989.3922668342,110220.69627252266,-38.25339272844473,-62.720881029722335,2300.0
97798.14990009913,109907.07774800649,-38.248473347013785,-62.72370490323391,2305.0
97606.93220208984,109593.4450654142,-38.24353960185827,-62.726536518458815,2310.0
97415.73924504347,109279.79818581877,-38.238591409274925,-62.72937591908689,2315.0
97224.57110161934,108966.13707007286,-38.233628684827764,-62.73222314918232,2320.0
97033.42784490265,108652.46167880693,-38.2286513433394,-62.73507825318785,2325.0
96842.30954840823,108338.77197242728,-38.2236592988824,-62.73794127592922,2330.0
96651.21628608438,108025.06791111418,-38.218652464770486,-62.74081226261957,2335.0
96460.14813231664,107711.34945481987,-38.213630753549495,-62.74369125886395,2340.0
96269.1051619317,107397.61656326655,-38.20859407698836,-62.74657831066388,2345.0
96078.08745020135,107083.86919594444,-38.20354234606987,-62.74947346442195,2350.0
95887.09507284644,106770.10731210971,-38.19847547098127,-62.7523767669466,2355.0
95696.12810604091,106456.33087078243,-38.19339336110484,-62.7552882654568,2360.0
95505.18662641587,106142.5398307445,-38.188295925008156,-62.758208007586916,2365.0
95314.2707110637,105828.73415053754,-38.18318307043437,-62.76113604139168,2370.0
95123.38043754223,105514.91378846078,-38.17805470429225,-62.76407241535105,2375.0
94932.51588387901,105201.0787025689,-38.1729107326461,-62.7670171783754,2380.0
94741.67712857548,104887.22885066985,-38.16775106070549,-62.769970379810545,2385.0
94550.86425061141,104573.36419032264,-38.16257559281494,-62.772932069443044,2390.0
94360.0773294492,104259.48467883511,-38.157384232443256,-62.77590229750538,2395.0
94169.31644503833,103945.59027326171,-38.152176882172924,-62.77888111468147,2400.0
93978.5816778199,103631.68093040115,-38.146953443689156,-62.78186857211195,2405.0
93787.87310873104,103317.75660679415,-38.1417138177689,-62.784864721399856,2410.0
93597.1908192097,103003.81725872107,-38.13645790426955,-62.78786961461613,2415.0
93406.53489119912,102689.86284219954,-38.131185602117654,-62.79088330430541,2420.0
93215.90540715263,102375.89331298208,-38.125896809297274,-62.79390584349176,2425.0
93025.30245003845,102061.90862655366,-38.120591422838245,-62.79693728568452,2430.0
92834.72610334442,101747.90873812923,-38.115269338804275,-62.79997768488438,2435.0
92644.17645108303,101433.89360265128,-38.10993045228083,-62.80302709558936,2440.0
92453.65357779621,101119.86317478727,-38.104574657362775,-62.80608557280098,2445.0
92259.28499085824,100798.86238221629,-38.873717387594176,-64.20015851419691,2450.0
92064.94311980062,100477.84633920042,-38.86837421152579,-64.2032086031735,2455.0
91870.62805371392,100156.81499784287,-38.86301321733974,-64.2062682715095,2460.0
91676.33988227608,99835.76830994088,-38.857634287569844,-64.20933758040006,2465.0
91482.07869575813,99514.70622698271,-38.85223730359008,-64.21241659163161,2470.0
91287.84458503014,99193.62870014476,-38.84682214559938,-64.21550536758959,2475.0
91093.63764156711,98872.53568028843,-38.84138869260606,-64.21860397126625,2480.0
90899.45795745504,98551.4271179571,-38.83593682241199,-64.22171246626851,2485.0
90705.30562539706,98230.30296337296,-38.83046641159657,-64.22483091682608,2490.0
90511.18073871956,97909.16316643397,-38.82497733550046,-64.22795938779956,2495.0
90317.08339137852,97588.00767671052,-38.819469468208915,-64.23109794468881,2500.0
90123.01367796585,97266.83644344231,-38.81394268253493,-64.23424665364139,2505.0
89928.97169371584,96945.64941553501,-38.808396850002076,-64.23740558146112,2510.0
89734.9575345117,96624.44654155693,-38.8028318408271,-64.2405747956169,2515.0
89540.9712968922,96303.22776973568,-38.79724752390213,-64.24375436425143,2520.0
89347.01307805831,95981.99304795472,-38.791643766776644,-64.24694435619045,2525.0
89153.08297588011,95660.74232374996,-38.786020435639124,-64.25014484095176,2530.0
88959.18108890361,95339.47554430619,-38.7803773952984,-64.25335588875461,2535.0
88765.30751635779,95018.19265645354,-38.77471450916465,-64.25657757052917,2540.0
88571.46235816163,94696.89360666391,-38.76903163923009,-64.2598099579263,2545.0
88377.64571493138,94375.57834104728,-38.76332864604931,-64.26305312332718,2550.0
88183.85768798778,94054.24680534801,-38.75760538871933,-64.2663071398535,2555.0
87990.09837936348,93732.89894494113,-38.7518617248592,-64.26957208137742,2560.0
87796.36789181053,93411.53470482847,-38.74609751058934,-64.2728480225321,2565.0
87602.66632880797,93090.15402963487,-38.740312600510514,-64.27613503872209,2570.0
87408.99379456956,92768.7568636042,-38.734506847682354,-64.27943320613409,2575.0
87215.35039405155,92447.34315059546,-38.72868010360157,-64.28274260174776,2580.0
87021.73623296065,92125.91283407873,-38.722832218179775,-64.28606330334689,2585.0
86828.15141776206,91804.46585713107,-38.71696303972087,-64.28939538953061,2590.0
86634.59605568757,91483.00216243244,-38.71107241489811,-64.29273893972488,2595.0
86441.07025474391,91161.52169226148,-38.70516018873064,-64.29609403419417,2600.0
86247.57412372112,90840.0243884912,-38.69922620455968,-64.29946075405326,2605.0
86054.107772201,90518.51019258481,-38.69327030402433,-64.30283918127944,2610.0
85860.67131056581,90196.97904559119,-38.687292327036836,-64.30622939872477,2615.0
85667.26485000702,89875.43088814054,-38.68129211175746,-64.30963149012855,2620.0
85473.88850253417,89553.8656604399,-38.67526949456885,-64.31304554013016,2625.0
85280.54238098393,89232.2833022685,-38.669224310050055,-64.316471634282,2630.0
85087.22659902918,88910.68375297319,-38.66315639094991,-64.31990985906269,2635.0
84893.94127118838,88589.06695146373,-38.65706556815999,-64.32336030189055,2640.0
84700.68651283495,88267.43283620804,-38.650951670687185,-64.32682305113731,2645.0
84507.46244020681,87945.78134522733,-38.64481452562549,-64.33029819614205,2650.0
84314.26917041617,87624.1124160912,-38.638653958127584,-64.33378582722538,2655.0
84121.1068214593,87302.42598591268,-38.632469791375634,-64.33728603570398,2660.0
83927.97551222653,86980.72199134315,-38.62626184655171,-64.3407989139053,2665.0
83734.8753625125,86659.00036856723,-38.620029942807484,-64.34432455518255,2670.0
83541.80649302632,86337.26105329758,-38.61377389723358,-64.34786305393007,2675.0
83348.76902540219,86015.50398076959,-38.60749352482807,-64.35141450559883,2680.0
83155.76308220986,85693.72908573602,-38.60118863846464,-64.35497900671234,2685.0
82962.78878696555,85371.9363024616,-38.594859048859895,-64.35855665488286,2690.0
82769.84626414285,85050.12556471747,-38.588504564540244,-64.36214754882785,2695.0
82576.93563918381,84728.29680577554,-38.58212499180802,-64.36575178838673,2700.0
82384.05703851028,84406.44995840284,-38.57572013470701,-64.36936947453805,2705.0
82191.21058953535,84084.58495485576,-38.56928979498724,-64.3730007094169,2710.0
81998.396420675,83762.70172687409,-38.56283377206916,-64.37664559633272,2715.0
81819.4627524094,83433.36800289976,-35.78673365312001,-65.8667447948649,2720.0
81633.94062447223,83107.4758328527,-37.10442558743173,-65.17843400941265,2725.0
81454.30349695148,82778.50156734421,-35.9274255041498,-65.79485310169714,2730.0
81272.05703229255,82450.87725896398,-36.44929293178682,-65.52486167604401,2735.0
81092.52438141016,82121.84948745069,-35.90653017647788,-65.80555430265893,2740.0
80912.11114153362,81793.27400669303,-36.08264797530687,-65.71509615153127,2745.0
80781.51030573196,81502.35599573478,-26.1201671603323,-58.18360219164961,2750.0
80594.99993091074,81173.92603477578,-37.30207496424591,-65.6859921918003,2755.0
80392.03120946635,80854.2568221761,-40.59374428887603,-63.93384251993505,2760.0
80221.37180917176,80518.35925848318,-34.131880058919435,-67.17951273858463,2765.0
79994.95753303944,80213.114928914,-45.28285522646378,-61.04886591383402,2770.0
79792.1627118703,79893.34751014736,-40.55896423382858,-63.95348375332788,2775.0
79589.436199854,79573.54154921998,-40.545302403261616,-63.96119218547471,2780.0
79386.77829407375,79253.69689771948,-40.53158115604976,-63.96893030010195,2785.0
79184.18929413553,78933.81340605492,-40.51779998764377,-63.97669833291125,2790.0
78981.66950220005,78613.89092344264,-40.50395838709753,-63.98449652245478,2795.0
78779.21922301524,78293.92929789174,-40.49005583695995,-63.99232511018162,2800.0
78576.83876394942,77973.92837618932,-40.47609181316446,-64.0001843404852,2805.0
78374.52843502484,77653.88800388556,-40.46206578491637,-64.00807446075166,2810.0
78172.28854895195,77333.80802527851,-40.4479772145776,-64.01599572140914,2815.0
77971.36257451335,77012.99300601274,-40.18519488772198,-64.16300385315697,2820.0
77768.74863735061,76693.1235684752,-40.522787432548526,-63.973887507506014,2825.0
77568.36526497347,76372.6887918013,-40.07667447542802,-64.08695533478088,2830.0
77366.40155968291,76052.45372651653,-40.3927410581129,-64.0470130569528,2835.0
77164.50989994833,75732.17825586315,-40.378331946915566,-64.05509413067367,2840.0
76962.69061534978,75411.86221628694,-40.36385691971002,-64.06320791524135,2845.0
76760.9440384121,75091.50544286764,-40.349315387537956,-64.07135468385975,2850.0
76559.27050464418,74771.1077693016,-40.33470675358225,-64.07953471320923,2855.0
76357.67035257905,74450.66902788407,-40.32003041302699,-64.08774828350606,2860.0
76156.14392381448,74130.18904949125,-40.305285752914685,-64.09599567856347,2865.0
75954.69156305448,73809.66766356198,-40.29047215199995,-64.10427718585379,2870.0
75753.31361815149,73489.10469807911,-40.27558898060012,-64.11259309657207,2875.0
75552.01044014927,73168.49997955062,-40.260635600442434,-64.120943705701,2880.0
75350.78238332673,72847.85333299023,-40.24561136450772,-64.12932931207736,2885.0
75149.62980524238,72527.16458189793,-40.23051561687053,-64.13775021845989,2890.0
74948.5530667797,72206.43354823993,-40.215347692535666,-64.14620673159857,2895.0
74747.55253219334,71885.6600524284,-40.20010691727086,-64.15469916230569,2900.0
74546.62856915616,71564.84391330076,-40.184792607435625,-64.16322782552824,2905.0
74345.78154880714,71243.98494809866,-40.16940406980623,-64.17179304042212,2910.0
74145.01184580015,70923.08297244651,-40.153940601396364,-64.18039513042787,2915.0
73944.31983835378,70602.13780032977,-40.13840148927387,-64.18903442334835,2920.0
73743.70590830191,70281.14924407263,-40.12278601037297,-64.19771125142792,2925.0
73543.1704411454,69960.11711431546,-40.10709343130211,-64.20642595143366,2930.0
73342.71382610466,69639.04121999178,-40.09132300814731,-64.21517886473828,2935.0
73142.3364561733,69317.92136830476,-40.07547398627069,-64.2239703374051,2940.0
72942.03872817279,68996.75736470339,-40.05954560010426,-64.23280072027497,2945.0
72741.8210428081,68675.54901285812,-40.0435370729387,-64.24167036905506,2950.0
72541.68380472455,68354.29611463606,-40.02744761670704,-64.25057964441002,2955.0
72341.62742256574,68032.99847007579,-40.011276431763136,-64.25952891205505,2960.0
72141.65230903246,67711.65587736154,-39.99502270665457,-64.26851854285127,2965.0
71941.75888094302,67390.26813279702,-39.97868561789013,-64.2775489129034,2970.0
71741.94755929451,67068.83503077872,-39.9622643297015,-64.28662040365964,2975.0
71542.21876932551,66747.35636376865,-39.945757993799,-64.29573340201419,2980.0
71342.5729405799,66425.83192226659,-39.92916574912127,-64.30488830041193,2985.0
71143.01050697202,66104.26149478181,-39.91248672157872,-64.31408549695591,2990.0
70943.53190685307,65782.64486780422,-39.89572002379045,-64.32332539551734,2995.0
70744.13758307899,65460.98182577498,-39.87886475481452,-64.33260840584838,3000.0
70544.82798307964,65139.272151056495,-39.86191999987143,-64.3419349436975,3005.0
70345.60355892933,64817.515623901854,-39.84488483006048,-64.35130543092791,3010.0
70146.46476741899,64495.71202242366,-39.8277583020688,-64.36072029563886,3015.0
69947.41207012962,64173.86112256221,-39.810539457873006,-64.37017997228998,3020.0
69748.44593350745,63851.96269805307,-39.79322732443291,-64.37968490182868,3025.0
69549.56682894056,63530.01652039396,-39.77582091337748,-64.38923553182097,3030.0
69350.77523283714,63208.02235881104,-39.75831922068232,-64.39883231658533,3035.0
69152.07162670545,62885.97998022439,-39.74072122633883,-64.40847571733018,3040.0
68953.45649723538,62563.88914921291,-39.72302589401451,-64.4181662022949,3045.0
68754.93033638186,62241.74962797844,-39.7052321707043,-64.42790424689441,3050.0
68556.49364145,61919.5611763091,-39.68733898637237,-64.43769033386747,3055.0
68360.44201301064,61591.56479504994,-39.21032568787036,-65.59927625183201,3060.0
68164.45876956136,61263.53105907836,-39.19664868985833,-65.60674719431559,3065.0
67968.5443047459,60935.45977222752,-39.18289296309308,-65.61425737016839,3070.0
67772.699016643,60607.35073622915,-39.1690576205788,-65.62180719967387,3075.0
67576.9233078411,60279.20375067941,-39.15514176037939,-65.62939710994848,3080.0
67381.21758551469,59951.01861300395,-39.14114446528267,-65.63702753509115,3085.0
67185.58226150242,59622.79511842227,-39.12706480245489,-65.64469891633681,3090.0
66990.017752387,59294.5330599112,-39.11290182308558,-65.65241170221437,3095.0
66808.86635385557,58958.828889811084,-36.230279706286055,-67.14083402002278,3100.0
66623.3187612974,58625.310199086955,-37.1095185116354,-66.70373814482583,3105.0
66429.19393055202,58296.26845747069,-38.82496614907553,-65.80834832325404,3110.0
66242.2621055359,57963.45305156582,-37.38636500322401,-66.56308118097334,3115.0
66046.87030761711,57635.097022964444,-39.07835958375933,-65.67120572027429,3120.0
65858.43630061338,57303.053125221144,-37.68680140074482,-66.40877954866006,3125.0
65663.1528361928,56974.63821434892,-39.05669288411583,-65.68298217444577,3130.0
65467.943630171314,56646.18296898008,-39.0418412042985,-65.69104907376718,3135.0
65272.80914533446,56317.68715991156,-39.02689696737021,-65.69916181370407,3140.0
65077.749850115695,55989.15055528148,-39.01185904375254,-65.70732092601631,3145.0
64882.76621869946,55660.572920522325,-38.99672628324744,-65.71552695183094,3150.0
64687.858731126784,55331.954018313,-38.981497514534546,-65.72378044186422,3155.0
64493.02787340352,55003.29360852975,-38.966171544653086,-65.73208195665048,3160.0
64298.27413761117,54674.59144819586,-38.95074715846786,-65.7404320667777,3165.0
64103.59802202058,54345.84729143021,-38.935223118118735,-65.74883135313031,3170.0
63909.000031208314,54017.06088939452,-38.919598162452914,-65.75728040713935,3175.0
63714.480676176114,53688.231990239314,-38.903871006439445,-65.76577983104025,3180.0
63520.04047447329,53359.36033904862,-38.88804034056533,-65.77433023813872,3185.0
63325.67995032223,53030.445677783195,-38.87210483021236,-65.78293225308461,3190.0
63131.399634747155,52701.487745222425,-38.85606311501409,-65.79158651215462,3195.0
62937.200065706194,52372.4862769047,-38.839913808192236,-65.80029366354361,3200.0
62743.08178822684,52043.44100506638,-38.82365549587149,-65.80905436766538,3205.0
62549.04535454498,51714.351658579064,-38.80728673637204,-65.81786929746278,3210.0
62355.09132424758,51385.21796288542,-38.79080605947902,-65.82673913872792,3215.0
62161.22026441914,51056.03963993326,-38.77421196568775,-65.83566459043263,3220.0
61967.432749792024,50726.816408107916,-38.75750292542397,-65.8446463650696,3225.0
61773.729362900835,50397.54798216289,-38.74067737823805,-65.85368518900476,3230.0
61580.110694240975,50068.234073148684,-38.72373373197204,-65.86278180284118,3235.0
61386.57734243148,49738.87438833971,-38.706670361898546,-65.87193696179499,3240.0
61193.129914382334,49409.46863115929,-38.68948560983024,-65.88115143608383,3245.0
60999.76902546634,49080.01650110265,-38.67217778319883,-65.89042601132839,3250.0
60806.49529969583,48750.517693657814,-38.65474515410219,-65.89976148896744,3255.0
60613.30936990424,48420.97190022438,-38.6371859583183,-65.90915868668702,3260.0
60420.211877932816,48091.37880803006,-38.61949839428469,-65.91861843886421,3265.0
60208.01617000975,47772.739368618604,-42.43914158461339,-63.727887882290474,3270.0
60015.230795906165,47442.97959422294,-38.557074820717645,-65.95195487913368,3275.0
59868.09122540782,47105.002304112444,-29.427914099668442,-67.59545802209955,3280.0
59675.21814023569,46775.28933184237,-38.57461703442606,-65.9425944540155,3285.0
59482.436767960055,46445.52742281631,-38.556274455126704,-65.95238180521187,3290.0
59289.747807951324,46115.71623733489,-38.5377920017462,-65.96223709628332,3295.0
59097.15197003981,45785.85543087451,-38.519167582301726,-65.97216129207614,3300.0
58904.64997475009,45455.94465398311,-38.50039905794445,-65.982155378279,3305.0
58712.24255354232,45125.98355217296,-38.481484241555215,-65.99222036202994,3310.0
58519.93044906088,44795.97176581023,-38.462420896287504,-66.00235727254564,3315.0
58327.714415390605,44465.90893000136,-38.443206734055124,-66.01256716177419,3320.0
58135.59521832079,44135.794674476,-38.423839413962085,-66.022851105072,3325.0
57943.57363561743,43805.628623466466,-38.40431654067201,-66.03321020190631,3330.0
57751.65045730386,43475.410395583545,-38.3846356627144,-66.0436455765843,3335.0
57559.82648595024,43145.1396036885,-38.364794270724545,-66.05415837900992,3340.0
57368.10253697217,42814.815854761146,-38.344789795614176,-66.06474978547003,3345.0
57176.47943893882,42484.43874976389,-38.32461960666949,-66.0754209994509,3350.0
56981.550250348046,42152.35343027359,-38.985837718154485,-66.41706389805955,3355.0
56790.146775502864,41821.86026937995,-38.28069496903682,-66.0986321787288,3360.0
56634.712948574495,41487.77816991831,-31.08676538567336,-66.81641989232784,3365.0
56479.15065189034,41153.76388313826,-31.11245933683101,-66.80285735601136,3370.0
56323.45890228426,40819.817993259385,-31.138349921215855,-66.78917797577404,3375.0
56167.63670123864,40485.941094158086,-31.16444020912403,-66.7753798202603,3380.0
56011.683034520145,40152.13378960533,-31.19073334369923,-66.76146091055111,3385.0
55855.596871803835,39818.39669351233,-31.217232543262213,-66.74741921860041,3390.0
55699.377166285165,39484.730430184296,-31.243941103734294,-66.73325266560708,3395.0
55543.02285427937,39151.1356345827,-31.270862401159555,-66.71895912031908,3400.0
55386.532854807716,38817.61295259637,-31.29799989433048,-66.70453639726661,3405.0
55229.9060691701,38484.16304132177,-31.325357127522246,-66.68998225492027,3410.0
55073.141380503395,38150.78656935292,-31.352937733341115,-66.67529439377104,3415.0
54916.23765332493,37817.48421708128,-31.380745435692724,-66.66047045432737,3420.0
54759.19373306055,37484.25667700615,-31.408784052876207,-66.64550801502553,3425.0
54601.11594936653,37151.583237558945,-31.61555673880347,-66.5346878894415,3430.0
54442.01139663657,36819.46428287641,-31.820910545992646,-66.423790936507,3435.0
54286.94197576368,36486.11671275485,-31.013884174577683,-66.66951402431239,3440.0
54130.41324132993,36153.09595250669,-31.30574688674944,-66.60415204963181,3445.0
53972.64829566384,35820.254401734106,-31.552989133217608,-66.56831015451672,3450.0
53814.735805157405,35487.492089647916,-31.58249810128821,-66.55246241723866,3455.0
53656.674467020785,35154.80980313046,-31.6122676273245,-66.53645730349146,3460.0
53498.46295495505,34822.20834408997,-31.642302413146062,-66.52029180809782,3465.0
53340.09991850667,34489.68852988873,-31.672607289677387,-66.50396284024878,3470.0
53181.583982398006,34157.25119378752,-31.7031872217322,-66.48746722024211,3475.0
53022.9137458329,33824.89718540719,-31.734047313021748,-66.47080167606437,3480.0
52864.087781775896,33492.62737120815,-31.765192811400112,-66.45396283980789,3485.0
52705.104636204094,33160.44263498859,-31.796629114359718,-66.43694724391273,3490.0
52545.962827330135,32828.34387840247,-31.828361774791986,-66.41975131722376,3495.0
52386.66084479499,32496.332021498212,-31.86039650702825,-66.40237138085124,3500.0
52227.1971488291,32164.408003279095,-31.892739193177704,-66.38480364382372,3505.0
52067.570169380204,31832.572782286494,-31.92539588978014,-66.36704419852006,3510.0
51907.778305206244,31500.827337207156,-31.958372834792193,-66.34908901586745,3515.0
51747.81992293161,31169.172667505703,-31.991676454927678,-66.33093394029068,3520.0
51587.69335606474,30837.609794083717,-32.02531337337367,-66.31257468439723,3525.0
51427.39690397521,30506.13975996681,-32.05929041790566,-66.29400682338135,3530.0
51266.92883082808,30174.763631021164,-32.09361462942686,-66.27522578912914,3535.0
51106.28736447329,29843.482496701137,-32.128293270958665,-66.25622686400548,3540.0
50945.47069528773,29512.297470829628,-32.16333383711105,-66.23700517430191,3545.0
50784.47697496741,29181.209692413013,-32.198744064064236,-66.21755568332293,3550.0
50623.304315266934,28850.220326492577,-32.23453194009493,-66.19787318408687,3555.0
50461.95078668352,28519.330565034503,-32.27070571668336,-66.17795229161514,3560.0
50300.41441708232,28188.541627860595,-32.307273920240085,-66.15778743478178,3565.0
50138.693190259844,27857.85476362213,-32.344245364494476,-66.13737284769292,3570.0
49976.785044441895,27527.271250819314,-32.381629163590304,-66.11670256056335,3575.0
49814.68787071221,27196.79239886904,-32.41943474593758,-66.09577039005488,3580.0
49652.39951136784,26866.419549223854,-32.4576718688735,-66.07456992903754,3585.0
49489.91775819689,26536.154076545194,-32.49635063419031,-66.05309453573236,3590.0
49327.24035067393,26205.997389934244,-32.53548150459204,-66.03133732219023,3595.0
49164.36497406819,25875.950934223954,-32.575075321148,-66.00929114205756,3600.0
49001.2892574591,25546.016191336075,-32.61514332181632,-65.98694857757559,3605.0
48838.01077165351,25216.1946817073,-32.65569716111729,-65.96430192575464,3610.0
48674.527026998294,24886.487965788998,-32.6967489310436,-65.94134318366032,3615.0
48510.83547108179,24556.897645625286,-32.73831118330176,-65.9180640327423,3620.0
48346.93348631685,24227.425366514635,-32.780396952988156,-65.89445582212996,3625.0
48182.81838739779,23898.07281876057,-32.82301978381217,-65.87050955081264,3630.0
48018.48741862284,23568.841739517502,-32.86619375498974,-65.84621584861395,3635.0
47853.937751073136,23239.733914738197,-32.90993350994163,-65.82156495586086,3640.0
47689.166479638414,22910.75118123,-32.95425428694448,-65.79654670163956,3645.0
47524.17061987893,22581.89542882741,-32.999171951896024,-65.77115048051812,3650.0
47358.94710471207,22253.168602689384,-33.044703033372414,-65.74536522760515,3655.0
47193.492780911205,21924.572705730385,-33.09086476017315,-65.71917939179994,3660.0
47027.80440540336,21596.109801195013,-33.1376751015685,-65.69258090707463,3665.0
46825.01456315031,21293.468151273184,-40.557968450610396,-60.52832998436555,3670.0
46622.57135895369,20990.629277036067,-40.48864083932378,-60.56777484742367,3675.0
46420.48013351797,20687.590645427787,-40.41824508714369,-60.60772632165587,3680.0
46187.56621110375,20404.09119196792,-46.58278448284375,-56.6998906919734,3685.0
45967.2166733381,20112.109162939658,-44.06990755313083,-58.396405805652364,3690.0
45743.34624245743,19822.429059357375,-44.774086176134716,-57.93602071645689,3695.0
45526.35986644479,19528.30102022159,-43.397275202527496,-58.825607827157434,3700.0
45327.63344978832,19223.378302419103,-39.74528333129457,-60.98454356049678,3705.0
45129.29522817474,18918.241172550457,-39.66764432271655,-61.02742597372929,3710.0
44931.35186483701,18612.886572629894,-39.58867266754724,-61.070919984112926,3715.0
44733.8102512328,18307.311350003787,-39.50832272084298,-61.1150445252214,3720.0
44536.67751892171,18001.512252763645,-39.42654646221834,-61.15981944802824,3725.0
44339.96105227978,17695.48592485341,-39.3432933283857,-61.205265582047396,3730.0
44143.668502126355,17389.228900844893,-39.25851003068503,-61.25140480170321,3735.0
43947.80780034655,17082.737600352495,-39.17214035596069,-61.29826009847957,3740.0
43752.38717560191,16776.00832205516,-39.084124948928235,-61.3458556594668,3745.0
43557.41517023226,16469.03723729014,-38.994401073928145,-61.39421695300438,3750.0
43362.90065846386,16161.8203831791,-38.90290235367946,-61.4433708222081,3755.0
43168.85286605228,15854.353655242725,-38.80955848231733,-61.49334558727504,3760.0
42975.28139150419,15546.63279945482,-38.714294909616854,-61.54417115758098,3765.0
42782.19622903988,15238.653403681194,-38.61703249286157,-61.59587915472516,3770.0
42589.6077934784,14930.410888441997,-38.5176871122968,-61.648503047839505,3775.0
42397.526947250895,14621.900496928643,-38.416169245500456,-61.70207830267045,3780.0
42205.96502977444,14313.117284197835,-38.31238349529153,-61.75664254616185,3785.0
42014.933889449654,14004.056105455189,-38.20622806495627,-61.81223574852903,3790.0
41824.44591858176,13694.711603329593,-38.097594173578415,-61.86890042511909,3795.0
41634.51409156636,13385.078194026024,-37.98636540308072,-61.926681860714034,3800.0
41445.15200673045,13075.150052229215,-37.87241696718072,-61.98562835936159,3805.0
41256.37393227653,12764.921094612579,-37.75561489078367,-62.04579152332733,3810.0
41068.19485684494,12454.384961785732,-37.63581508631851,-62.107226565369295,3815.0
40880.63054528949,12143.534998489404,-37.51286231108996,-62.16999265926558,3820.0
40693.69760035563,11832.364231817393,-37.38658898677267,-62.23415333440199,3825.0
40507.413531062695,11520.86534721095,-37.25681385858582,-62.29977692128869,3830.0
40321.796828726205,11209.030661930128,-37.12334046729841,-62.36693705616465,3835.0
40136.86705171711,10896.852095658009,-36.9859554018192,-62.43571325442402,3840.0
39952.64492024985,10584.321137835337,-36.844426293452415,-62.506191564534355,3845.0
39769.15242272683,10271.42881125281,-36.69849950460278,-62.57846531650544,3850.0
39586.412935455184,9958.165631343129,-36.547897454329025,-62.65263598193621,3855.0
39404.45135790485,9644.52156051124,-36.39231551006639,-62.72881416637765,3860.0
39223.29426611358,9330.48595671415,-36.231418358253244,-62.80712075941806,3865.0
39042.970087386544,9016.047515345086,-36.064835745408175,-62.887688273812934,3870.0
38863.50930011692,8701.194203282417,-35.89215745392447,-62.970662412533635,3875.0
38684.94466340975,8385.913183720777,-35.71292734143522,-63.056203912327966,3880.0
38507.31148227865,8070.190730095795,-35.52663622621983,-63.14449072499644,3885.0
38330.64791557968,7754.012127025263,-35.3327133397948,-63.23572061410632,3890.0
38154.995335650114,7437.361555691723,-35.13051598591335,-63.330114266708044,3895.0
37980.398750977256,7120.22196044768,-34.919316934571846,-63.42791904880858,3900.0
37806.90730633503,6802.574892583621,-34.69828892844526,-63.529413572812054,3905.0
37634.57487898538,6484.400326088025,-34.46648546992879,-63.6349132991191,3910.0
37463.46079516898,6165.676438743389,-34.22281676327922,-63.74477746892729,3915.0
37293.630698829686,5846.379349890536,-33.966019267859856,-63.85941777057047,3920.0
37125.15761526885,5526.4828034294005,-33.694616712167644,-63.97930929222721,3925.0
36958.12326765053,5205.957780765945,-33.40686952366322,-64.10500453269105,3930.0
36792.6197262385,4884.772022934119,-33.10070828240554,-64.23715156636526,3935.0
36628.75150257657,4562.889433183889,-32.773644732386956,-64.37651795004598,3940.0
36461.44372236913,4242.483293571058,-33.46155604148837,-64.08122792256621,3945.0
36284.57504145003,3926.6838191396723,-35.373736183819624,-63.15989488627721,3950.0
36113.44177881192,3608.3668350202192,-34.226652527622534,-63.6633968238906,3955.0
35954.13557123723,3310.368109632673,-31.861241514936538,-59.59974507750924,3960.0
35805.70299600425,2982.356686900809,-29.68651504659604,-65.60228454637286,3965.0
35660.00549075284,2653.3419703465606,-29.139501050281655,-65.80294331084966,3970.0
35554.183459224165,2315.0669579907353,-21.164406305734484,-67.65500247116502,3975.0
35419.73791647861,1988.2402112349143,-26.889108549110734,-65.36534935116418,3980.0
35317.88766659144,1654.5940393773835,-20.3700499774331,-66.72923437150618,3985.0
35210.22680460442,1316.9724650490382,-21.53217239740513,-67.52431486566907,3990.0
35099.45938403086,980.4797409193276,-22.153484114712214,-67.29854482594212,3995.0
34984.60045833913,645.521997548758,-22.97178513834504,-66.99154867411391,4000.0
34724.99999999999,0.0,0.0,0.0,4009.4022502405182
