x,y,v_x,v_y,t
52087.5,30072.73214641463,24.500000000000004,42.4352447854375,1160.0
52217.364228873696,30294.682431827267,25.972845774738836,44.390057082527214,1165.0
52347.53629903001,30496.193745024026,26.034414031263513,40.30226263935193,1170.0
52477.68385104419,30697.71921141921,26.029510402835015,40.30509327903714,1175.0
52607.806827763576,30899.258860214446,26.024595343877134,40.30792975904731,1180.0
52737.905171770486,31100.812720738544,26.019668801381563,40.310772104819335,1185.0
52867.97882538034,31302.380822448344,26.014730721970913,40.31362034195982,1190.0
52998.02773063982,31503.963194929576,26.009781051895295,40.316474496246634,1195.0
53128.05182932496,31705.55986789773,26.004819737028836,40.3193345936304,1200.0
53258.051062939296,31907.17087119891,25.999846722866195,40.32220066023611,1205.0
53388.02537271189,32108.796234810732,25.994861954518957,40.325072722364666,1210.0
53517.97469959545,32310.435988843205,25.98986537671209,40.3279508064945,1215.0
53647.89898426435,32512.090163539622,25.98485693378028,40.330834939283164,1220.0
53777.79816711267,32713.758789277468,25.979836569664226,40.33372514756906,1225.0
53907.6721882522,32915.44189656933,25.974804227906986,40.336621458372925,1230.0
54037.520987510456,33117.139516063835,25.96975985165014,40.339523898899664,1235.0
54167.344504428605,33318.85167854653,25.964703383629995,40.34243249653996,1240.0
54297.14267825947,33520.578414940894,25.959634766173743,40.34534727887202,1245.0
54426.915447965446,33722.31975630921,25.954553941195535,40.34826827366329,1250.0
54556.66275221641,33924.07573385357,25.949460850192562,40.35119550887219,1255.0
54686.384529387615,34125.846378916816,25.944355434240997,40.35412901264994,1260.0
54816.080717557576,34327.631722983526,25.939237633992008,40.357068813342316,1265.0
54945.751254505914,34529.43179768098,25.934107389667627,40.36001493949146,1270.0
55075.3960777112,34731.246634780175,25.92896464105663,40.36296741983774,1275.0
55205.01512434875,34933.07626619678,25.923809327510302,40.365926283321585,1280.0
55334.60833128844,35134.92072399221,25.918641387938248,40.36889155908539,1285.0
55464.175635092455,35336.780040374586,25.91346076080402,40.3718632764754,1290.0
55593.71697201306,35538.65424769981,25.908267384120848,40.37484146504362,1295.0
55723.2322779903,35740.543378472554,25.90306119544716,40.37782615454981,1300.0
55852.72148864971,35942.44746534737,25.897842131882193,40.38081737496343,1305.0
55982.18453930002,36144.366541129704,25.89261013006143,40.38381515646558,1310.0
56111.621364930776,36346.30063877696,25.887365126152066,40.38681952945113,1315.0
56241.031900210015,36548.24979139961,25.882107055848344,40.38983052453069,1320.0
56370.41607948185,36750.21403226227,25.876835854366927,40.392848172532645,1325.0
56499.77383676406,36952.1933947848,25.871551456442102,40.39587250450534,1330.0
56629.10510574567,37154.1879125434,25.86625379632103,40.398903551719144,1335.0
56758.409819784465,37356.19761927174,25.86094280775885,40.40194134566858,1340.0
56887.68791190453,37558.22254886211,25.85561842401379,40.40498591807451,1345.0
57016.939314793744,37760.262735366545,25.850280577842174,40.40803730088636,1350.0
57146.16396080121,37962.31821299797,25.844929201493354,40.41109552628429,1355.0
57275.361781934735,38164.389016131376,25.839564226704656,40.414160626681486,1360.0
57404.53270985821,38366.47517930501,25.834185584696154,40.41723263472641,1365.0
57533.67667588904,38568.576737221534,25.82879320616549,40.42031158330514,1370.0
57662.793610995446,38770.69372474925,25.82338702128251,40.42339750554364,1375.0
57791.883445793865,38972.82617692331,25.817966959683933,40.4264904348102,1380.0
57920.9461105462,39174.974128946895,25.812532950467904,40.42959040471776,1385.0
58049.981535157145,39377.13761619253,25.807084922188498,40.43269744912641,1390.0
58178.989649171395,39579.316674203255,25.8016228028501,40.435811602145755,1395.0
58307.9703817709,39781.51133869394,25.796146519901807,40.43893289813745,1400.0
58436.92366177206,39983.72164555253,25.790656000231657,40.44206137171771,1405.0
58565.84941762286,40185.94763084133,25.785151170160873,40.445197057759856,1410.0
58694.747577400056,40388.18933079831,25.779631955437953,40.44833999139686,1415.0
58823.61806880622,40590.44678183843,25.774098281232753,40.451490208024005,1420.0
58952.460819166874,40792.72002055494,25.768550072130438,40.45464774330151,1425.0
59081.2757554275,40995.009083720724,25.76298725212538,40.45781263315717,1430.0
59210.06280415058,41197.31400828967,25.757409744615003,40.460984913789126,1435.0
59338.82189151255,41399.63483139801,25.751817472393466,40.46416462166858,1440.0
59467.552943300776,41601.97159036573,25.746210357645364,40.46735179354258,1445.0
59596.255884910475,41804.32432269791,25.74058832193925,40.47054646643683,1450.0
59724.93064134158,42006.693066086205,25.73495128622117,40.47374867765856,1455.0
59853.57713719562,42209.0778584102,25.72929917080801,40.47695846479941,1460.0
59982.19529667253,42411.47873773889,25.723631895380834,40.48017586573832,1465.0
60094.616493606045,42608.03583147604,22.48423938670329,39.31141874742917,1470.0
60207.03585509933,42804.59396672591,22.483872298657186,39.31162704997354,1475.0
60319.453376860925,43001.153145902696,22.48350435231809,39.31183583535783,1480.0
60431.86905457836,43197.71337143237,22.483135543487563,39.312045105935,1485.0
60544.282883918044,43394.27464575275,22.482765867935885,39.31225486407546,1490.0
60656.69486052505,43590.83697131358,22.48239532140167,39.31246511216735,1495.0
60769.10498002301,43787.40035057667,22.48202389959163,39.31267585261665,1500.0
60881.51323801391,43983.9647860159,22.481651598180168,39.31288708784737,1505.0
60993.91963007796,44180.53028011741,22.4812784128091,39.31309882030176,1510.0
61106.3241517734,44377.09683537961,22.480904339087335,39.31331105244048,1515.0
61218.72679863635,44573.66445431333,22.480529372590514,39.31352378674278,1520.0
61331.12756618066,44770.233139441865,22.480153508860653,39.313737025706665,1525.0
61443.52644989769,44966.80289330111,22.479776743405868,39.31395077184915,1530.0
61555.92344525619,45163.37371843964,22.479399071699948,39.31416502770642,1535.0
61668.318547702096,45359.94561741881,22.479020489182066,39.314379795833986,1540.0
61780.711752658375,45556.51859281284,22.47864099125637,39.31459507880698,1545.0
61893.103055524836,45753.09264720894,22.478260573291664,39.314810879220246,1550.0
62005.49245167794,45949.667783207384,22.47787923062101,39.31502719968862,1555.0
62117.87993647065,46146.24400342162,22.47749695854139,39.315244042847155,1560.0
62230.265505232215,46342.82131047838,22.4771137523133,39.31546141135121,1565.0
62342.649153268016,46539.399707017765,22.47672960716038,39.315679307876835,1570.0
62455.03087585936,46735.97919569337,22.47634451826902,39.31589773512083,1575.0
62567.4106682633,46932.55977917238,22.475958480787995,39.31611669580103,1580.0
62679.788525712436,47129.14146013566,22.47557148982805,39.316336192656564,1585.0
62792.164443414746,47325.7242412779,22.47518354046148,39.316556228448,1590.0
62904.538416553354,47522.30812530769,22.474794627721764,39.31677680595765,1595.0
63016.91044028637,47718.89311494764,22.474404746603128,39.31699792798973,1600.0
63129.28050974667,47915.47921293449,22.47401389206014,39.31721959737063,1605.0
63241.648620041706,48112.06642201924,22.473622059007255,39.317441816949156,1610.0
63354.0147662533,48308.65474496722,22.473229242318443,39.317664589596745,1615.0
63466.378943437434,48505.24418455826,22.47283543682669,39.3178879182077,1620.0
63578.74114662405,48701.834743586754,22.472440637323608,39.318111805699516,1625.0
63691.10137081685,48898.42642486182,22.47204483855898,39.31833625501301,1630.0
63803.45961099305,49095.019231207385,22.47164803524027,39.31856126911265,1635.0
63915.81586210321,49291.61316546232,22.47125022203221,39.3187868509868,1640.0
64028.170119070994,49488.20823048056,22.470851393556313,39.31901300364796,1645.0
64140.52237679295,49684.804429131225,22.47045154439041,39.31923973013305,1650.0
64252.87263013829,49881.401764298746,22.47005066906817,39.319467033503685,1655.0
64365.22087394869,50078.000238882974,22.469648762078595,39.31969491684635,1660.0
64477.56710303802,50274.59985579934,22.469245817865566,39.31992338327288,1665.0
64589.911312192155,50471.20061797894,22.468841830827337,39.320152435920484,1670.0
64702.253496168734,50667.8025283687,22.46843679531599,39.32038207795223,1675.0
64814.59364969692,50864.405589931484,22.468030705636984,39.320612312557195,1680.0
64926.93176747717,51061.00980564624,22.46762355604858,39.32084314295087,1685.0
65039.26784418098,51257.61517850812,22.46721534076136,39.32107457237535,1690.0
65151.601874450665,51454.22171152862,22.46680605393767,39.32130660409969,1695.0
65263.93385289912,51650.82940773572,22.466395689691083,39.32153924142021,1700.0
65376.26377410955,51847.438270174025,22.465984242085863,39.32177248766076,1705.0
65488.59163263524,52044.04830190489,22.46557170513635,39.32200634617304,1710.0
65600.91742299926,52240.659506006574,22.46515807280651,39.322240820336965,1715.0
65713.2411396943,52437.27188557438,22.464743339009246,39.32247591356094,1720.0
65825.56277718233,52633.88544372079,22.464327497605893,39.32271162928218,1725.0
65937.88232989436,52830.50018357563,22.463910542405575,39.32294797096705,1730.0
66050.19979223018,53027.11610828618,22.463492467164667,39.3231849421114,1735.0
66162.51515855812,53223.733221017384,22.46307326558614,39.323422546240906,1740.0
66274.82842321471,53420.35152495194,22.46265293131897,39.323660786911404,1745.0
66387.1395805045,53616.97102329048,22.462231457957493,39.32389966770923,1750.0
66499.44862469971,53813.591719251745,22.461808839040813,39.324139192251614,1755.0
66611.75555003998,54010.21361607268,22.461385068052124,39.32437936418697,1760.0
66724.06035073206,54206.83671700866,22.46096013841806,39.324620187195315,1765.0
66830.24003912727,54399.553365166874,21.235937679042124,38.54332963164303,1770.0
66938.61481681425,54605.231034948716,21.67495553739776,41.135533956368754,1775.0
67047.00972150627,54810.897296243464,21.67898093840306,41.13325225894927,1780.0
67155.4248108779,55016.55211383747,21.683017874325767,41.13096351880054,1785.0
67263.86014294768,55222.19545229995,21.687066413955705,41.12866769249715,1790.0
67372.31577608122,55427.827275981006,21.691126626707554,41.1263647362108,1795.0
67480.79176899436,55633.447549009536,21.695198582628503,41.124054605705226,1800.0
67589.28818075638,55839.056235291195,21.699282352406023,41.12173725633119,1805.0
67697.80507079326,56044.6532985063,21.70337800737568,41.11941264302128,1810.0
67806.3424988909,56250.23870210772,21.70748561952922,41.11708072028469,1815.0
67914.9005251985,56455.81240931873,21.711605261522635,41.114741442201876,1820.0
68023.47921023193,56661.374383130824,21.715737006684417,41.11239476241918,1825.0
68132.07861487706,56866.92458630154,21.71988092902395,41.11004063414331,1830.0
68240.69880039326,57072.46298135222,21.72403710324001,41.10767901013578,1835.0
68349.33982841691,57277.989530565756,21.728205604729403,41.10530984270722,1840.0
68458.0017609649,57483.504195984315,21.732386509595774,41.10293308371167,1845.0
68566.68466043819,57689.006939407016,21.736579894658455,41.10054868454062,1850.0
68675.3885896255,57894.497722387605,21.74078583746161,41.09815659611721,1855.0
68784.11361170691,58099.97650623206,21.74500441628338,41.095756768890084,1860.0
68892.85979025764,58305.44325199619,21.74923571014525,41.09334915282728,1865.0
69001.62718925175,58510.89792048324,21.753479798821548,41.090933697410016,1870.0
69110.415873066,58716.340472241376,21.757736762849127,41.088510351626326,1875.0
69219.22590648368,58921.7708675612,21.762006683537123,41.086079063964576,1880.0
69328.05735469857,59127.189066473235,21.76628964297696,41.08363978240703,1885.0
69436.91028331884,59332.59502874535,21.770585724052456,41.0811924544231,1890.0
69545.78475837108,59537.988713880164,21.774895010450155,41.0787370269626,1895.0
69669.23433732835,59734.093945703185,24.689915791452602,39.22104636460397,1900.0
69778.099462976,59939.49295847504,21.773025129527984,41.07980255437081,1905.0
69900.08816216033,60136.440398112456,24.397739836866936,39.38948792748259,1910.0
70008.9490306199,60341.84183660751,21.772173691914187,41.08028769901184,1915.0
70130.01486782632,60539.310827099696,24.2131674412838,39.493798098436784,1920.0
70238.87471803736,60744.712845770664,21.7719700422075,41.080403734192934,1925.0
70360.22176066623,60941.94692016195,24.269408525773006,39.44681487825655,1930.0
70469.07945858482,61147.350165141186,21.771539583718873,41.08064899584703,1935.0
70595.20968304883,61341.47888744627,25.22604489280274,38.82574446101583,1940.0
70704.04734263702,61546.89354824999,21.7675319176368,41.08293216074443,1945.0
70812.90736543809,61752.295468583354,21.772004560214476,41.08038406667286,1950.0
70921.78982303182,61957.68460453984,21.776491518747513,41.07782719129805,1955.0
71044.1326105679,62154.81674711093,24.46855750721558,39.42642851421647,1960.0
71153.01003256779,62360.20875285307,21.775484399977646,41.07840114842789,1965.0
71261.9101193547,62565.587840686414,21.780017357381997,41.075817566668995,1970.0
71370.83294448673,62770.95396547296,21.78456502640639,41.073224957308796,1975.0
71479.77858201906,62976.30708175938,21.789127506465892,41.070623257284886,1980.0
71588.74710650906,63181.64714377374,21.79370489799933,41.06801240287165,1985.0
71697.73859302148,63386.974105422094,21.798297302483444,41.065392329670864,1990.0
71806.75311713372,63592.2879202851,21.802904822447353,41.062762972602265,1995.0
71915.79075494115,63797.588541614576,21.807527561487216,41.06012426589383,2000.0
72024.85158306255,64002.875922329935,21.812165624281235,41.057476143071966,2005.0
72133.93567864558,64208.15001501469,21.81681911660479,41.05481853695151,2010.0
72243.0431193723,64413.410771912815,21.82148814534603,41.05215137962544,2015.0
72352.17398346492,64618.65814492509,21.826172818521528,41.04947460245462,2020.0
72461.32834969138,64823.892085605374,21.830873245292388,41.04678813605712,2025.0
72570.50629737128,65029.11254515686,21.83558953598057,41.04409191029752,2030.0
72679.70790638171,65234.31947442824,21.84032180208546,41.041385854275944,2035.0
72788.93325716321,65439.51282390982,21.845070156300846,41.038669896316904,2040.0
72898.18243072586,65644.69254372962,21.84983471253212,41.03594396395792,2045.0
73007.45550865543,65849.8585836493,21.85461558591384,41.03320798393796,2050.0
73116.75257311956,66055.01089306023,21.85941289282753,41.0304618821857,2055.0
73226.07370687416,66260.14942097927,21.86422675091997,41.027705583807446,2060.0
73335.41899326976,66465.27411604465,21.86905727912159,41.024939013075,2065.0
73444.7885162581,66670.38492651172,21.873904597665444,41.022162093413115,2070.0
73554.18236039863,66875.48180024866,21.878768828106352,41.01937474738689,2075.0
73702.00432551709,67101.96772570802,29.564393023691395,45.297185091871754,2080.0
73849.77217798187,67328.48466251383,29.553570492955238,45.30338736116151,2085.0
73997.48564827342,67555.03274669225,29.542694058308797,45.30961683568419,2090.0
74145.14446433469,67781.61211545493,29.531763212254745,45.31587375253827,2095.0
74292.74835153592,68008.2229072146,29.520777440245404,45.3221583519328,2100.0
74440.29703263869,68234.8652616008,29.509736220552902,45.32847087724208,2105.0
74587.79022775937,68461.53931947611,29.498639024136374,45.33481157506154,2110.0
74735.2276543319,68688.24522295244,29.487485314506117,45.341180695264924,2115.0
74882.60902706982,68914.98311540775,29.476274547584588,45.34757849106259,2120.0
75029.93405792763,69141.75314150307,29.465006171564163,45.354005219061285,2125.0
75177.20245606144,69368.55544719969,29.453679626761513,45.36046113932521,2130.0
75324.41392778877,69595.39017977688,29.44229434546868,45.36694651543839,2135.0
75471.56817654778,69822.25748784973,29.430849751800537,45.37346161456857,2140.0
75618.66490285547,70049.15752138739,29.419345261538645,45.38000670753247,2145.0
75765.70380426533,70276.0904317317,29.407780281971426,45.386582068862666,2150.0
75912.68457532398,70503.05637161608,29.396154211730483,45.39318797687581,2155.0
76059.6069075271,70730.0554951848,29.384466440622987,45.39982471374263,2160.0
76206.47048927439,70957.0879580126,29.37271634946002,45.40649256555943,2165.0
76353.27500582379,71184.15391712471,29.360903309880733,45.41319182242131,2170.0
76500.02013924465,71411.2535310172,29.349026684172237,45.41992277849707,2175.0
76646.70556837007,71638.38695967772,29.337085825085083,45.4266857321059,2180.0
76793.3309687483,71865.55436460671,29.325080075644145,45.43348098579591,2185.0
76939.89601259308,72092.75590883884,29.313008768954937,45.44030884642445,2190.0
77086.4003687331,72319.99175696504,29.300871228004944,45.44716962524041,2195.0
77232.84370256039,72547.26207515488,29.288666765460135,45.454063637968524,2200.0
77379.22567597768,72774.56703117937,29.276394683456353,45.46099120489559,2205.0
77525.54594734461,73001.90679443417,29.264054273385298,45.467952650958935,2210.0
77671.80417142299,73229.28153596335,29.2516448156753,45.474948305836875,2215.0
77817.99999932082,73456.69142848357,29.23916557956631,45.48197850404156,2220.0
77964.13307843522,73684.13664640863,29.226615822879268,45.48904358501388,2225.0
78110.20305239412,73911.61736587474,29.213994791779427,45.49614389322102,2230.0
78256.2095609968,74139.13376476603,29.201301720533642,45.50327977825611,2235.0
78402.1522401531,74366.68602274073,29.188535831261284,45.51045159494061,2240.0
78548.03072182149,74594.27432125788,29.175696333678694,45.517659703429175,2245.0
78693.84463394567,74821.89884360446,29.16278242483687,45.524904469317086,2250.0
78839.59360038993,75049.55977492321,29.149793288852273,45.53218626375059,2255.0
78985.27724087308,75277.2573022409,29.136728096630492,45.53950546353985,2260.0
79130.895170901,75504.99161449728,29.12358600558249,45.54686245127496,2265.0
79285.87639480997,75727.21002851531,30.996244781792974,44.4436828036051,2270.0
79439.68352245647,75950.15108637771,30.76142552929992,44.58821157247731,2275.0
79592.14653623578,76173.90831114794,30.492602755862677,44.75144495404791,2280.0
79743.04778909824,76398.59912561857,30.180250572492696,44.938162894125185,2285.0
79892.10120532586,76624.37435676709,29.810683245523578,45.15504622970575,2290.0
80037.14747737137,76852.4275676705,29.00925440910231,45.61064218068254,2295.0
80206.11626790112,77065.30320932087,33.79375810595055,42.57512833007483,2300.0
80350.90191360707,77293.50114657308,28.957129141191665,45.63958745043941,2305.0
80495.61799037376,77521.7376454797,28.94321535333929,45.64729978132385,2310.0
80640.26406640306,77750.01291559094,28.92921520586053,45.65505402224631,2315.0
80784.83970482409,77978.32716872668,28.915127684204442,45.662850627148,2320.0
80929.34446360514,78206.68061901361,28.900951756211143,45.67069005738642,2325.0
81073.77789546367,78435.07348292311,28.886686371706354,45.67857278189786,2330.0
81218.13954777409,78663.50597930994,28.872330462084136,45.6864992773646,2335.0
81362.42896247348,78891.97832945187,28.85788293987764,45.69447002838652,2340.0
81506.64567596506,79120.49075709016,28.843342698317315,45.70248552765776,2345.0
81650.78921901944,79349.0434884709,28.828708610876298,45.71054627614807,2350.0
81794.85911667345,79577.63675238735,28.81397953080223,45.718652783289514,2355.0
81938.85488812663,79806.27078022319,28.799154290635393,45.72680556716827,2360.0
82082.77604663519,80034.9458059968,28.784231701712464,45.73500515472205,2365.0
82226.62209940347,80263.66206640651,28.76921055365532,45.74325208194312,2370.0
82366.88215929159,80492.28936177772,28.05201197762596,45.72545907424175,2375.0
82510.59077643252,80721.08098877974,28.74172342818727,45.7583254004049,2380.0
82609.79549616452,80936.25401526943,19.8409439463975,43.0346052979394,2385.0
82709.07834439105,81151.38424810798,19.8565696453058,43.02604656771109,2390.0
82808.43970402924,81366.47144034591,19.872271927639407,43.01743844758576,2395.0
82907.8799618893,81581.51534232832,19.88805157201162,43.00878039648303,2400.0
83007.3995087349,81796.51570165089,19.903909369120132,43.000071864514325,2405.0
83106.9987393449,82011.47226311485,19.919846122000198,42.99131229279199,2410.0
83206.67805257632,82226.38476868102,19.935862646284363,42.982501113232956,2415.0
83306.43785142867,82441.25295742281,19.95195977046907,42.973637748357376,2420.0
83406.27854310961,82656.07656547822,19.968138336188474,42.96472161108139,2425.0
83506.2005391021,82870.85532600073,19.984399198495577,42.95575210450446,2430.0
83606.20425523285,83085.58896910919,20.00074322615095,42.946728621690596,2435.0
83706.29011174245,83300.27722183641,20.017171301919273,42.93765054544361,2440.0
83806.45853335682,83514.9198080768,20.033684322874013,42.92851724807599,2445.0
83906.70994936037,83729.51644853265,20.05028320071043,42.91932809117129,2450.0
84007.0447936707,83944.06686065935,20.066968862067295,42.910082425339716,2455.0
84107.463504915,84158.57075860919,20.08374224885743,42.90077958996684,2460.0
84207.96652650803,84373.02785317396,20.100604318607576,42.891418912955025,2465.0
84308.55430673207,84587.43785172625,20.117556044807777,42.88199971045738,2470.0
84409.22729881843,84801.80045815927,20.13459841727061,42.87252128660407,2475.0
84509.98596103094,85016.11537282537,20.151732442500656,42.86298293322055,2480.0
84610.83075675131,85230.38229247306,20.168959144074485,42.85338392953754,2485.0
84711.76215456647,85444.60091018252,20.186279563031643,42.84372354189252,2490.0
84812.78062835785,85658.77091529962,20.203694758276825,42.83400102342224,2495.0
84913.88665739282,85872.89199336835,20.221205806993847,42.8242156137461,2500.0
85015.08072641818,86086.96382606155,20.238813805071686,42.814366538639995,2505.0
85116.3633257559,86300.98609111005,20.25651986754307,42.80445300970036,2510.0
85217.73495140107,86514.95846223005,20.274325129036022,42.794474223997824,2515.0
85319.19610512226,86728.88060904865,20.292230744238907,42.78442936372052,2520.0
85420.74729456416,86942.75219702767,20.310237888379383,42.774317595806174,2525.0
85522.38903335275,87156.57288738548,20.328347757717783,42.76413807156293,2530.0
85624.12184120303,87370.34233701687,20.34656157005554,42.75388992627823,2535.0
85725.94624402933,87584.06019841095,20.364880565258996,42.74357227881565,2540.0
85827.86277405833,87797.72611956694,20.38330600579943,42.73318423119878,2545.0
85929.87196994488,88011.33974390785,20.401839177309725,42.722724868181984,2550.0
86031.97437689068,88224.9007101919,20.420481389158365,42.71219325680747,2555.0
86134.17054676589,88438.40865242164,20.439233975041383,42.701588445948055,2560.0
86236.46103823386,88651.86319975082,20.458098293592936,42.690909465835134,2565.0
86338.84641687894,88865.26397638868,20.477075729015354,42.68015532757137,2570.0
86441.32725533759,89078.61060150182,20.49616769172914,42.669325022627206,2575.0
86543.9041334328,89291.90268911343,20.515375619043983,42.65841752232098,2580.0
86646.57763831207,89505.13984799983,20.53470097585138,42.64743177728161,2585.0
86749.34836458876,89718.3216815843,20.554145255339822,42.6363667168934,2590.0
86852.21691448744,89931.44778782791,20.573709979733515,42.62522124872212,2595.0
86955.18389799271,90144.51775911752,20.593396701055237,42.613994257921604,2600.0
87058.24993300228,90357.53118215062,20.613207001914816,42.60268460662021,2605.0
87161.4156454839,90570.48763781704,20.633142496323753,42.591291133286056,2610.0
87264.68166963659,90783.3867010774,20.65320483053733,42.57981265207043,2615.0
87368.04864805621,90996.22794083804,20.6733956839253,42.56824795212828,2620.0
87471.51723190557,91209.01091982261,20.69371676987232,42.556595796914934,2625.0
87575.08808108911,91421.7351944399,20.714169836709164,42.54485492345781,2630.0
87678.7618644325,91634.40031464791,20.73475666867641,42.5330240416025,2635.0
87782.5392598671,91847.00582381406,20.75547908692151,42.52110183323166,2640.0
87886.42095461975,92059.55125857134,20.77633895053098,42.50908695145576,2645.0
87990.40764540774,92272.03614867022,20.797338157599075,42.496978019774495,2650.0
88094.50003863941,92484.46001682626,20.818478646334455,42.484773631207524,2655.0
88198.69885062044,92696.82237856321,20.83976239620666,42.47247234739308,2660.0
88303.0048077661,92909.12274205148,20.86119142913391,42.4600726976532,2665.0
88407.41864681967,93121.36060794159,20.882767810714277,42.447573178023994,2670.0
88511.94111507718,93333.53546919284,20.90449365150188,42.43497225024927,2675.0
88616.57297061883,93545.64681089652,20.92637110833031,42.422268340736146,2680.0
88721.31498254725,93757.69411009387,20.948402385685355,42.40945983947058,2685.0
88839.87179010666,93941.56365427587,23.71136151188113,36.77390883639901,2690.0
88958.35978674513,94125.47326085625,23.697599327696608,36.78192131607392,2695.0
89076.77852260975,94309.42316151455,23.68374717292418,36.789980131660805,2700.0
89195.12754164985,94493.41359095847,23.669803808020067,36.798085888782914,2705.0
89313.40638148587,94677.4447869858,23.655767967202674,36.806239205465786,2710.0
89431.61457327436,94861.51699054822,23.641638357700113,36.814440712484505,2715.0
89549.75164156921,95045.63044581683,23.627413658970447,36.8226910537233,2720.0
89667.81710417867,95229.78540024957,23.613092521893435,36.830990886548065,2725.0
89785.81047201833,95413.98210466054,23.598673567932526,36.83934088219233,2730.0
89903.73124895967,95598.22081329132,23.58415538826566,36.847741726157324,2735.0
90021.57893167408,95782.50178388445,23.56953654288363,36.85619411862666,2740.0
90139.35300947235,95966.82527775894,23.554815559654386,36.86469877489649,2745.0
90257.05296413912,96151.19155988804,23.53999093335188,36.87325642582156,2750.0
90374.67826976236,96335.60089897944,23.52506112464754,36.8818678182781,2755.0
90492.22839255768,96520.05356755765,23.510024559063098,36.89053371564431,2760.0
90609.7027906871,96704.54984204915,23.49487962588239,36.899254898299,2765.0
90727.1009140722,96889.09000286985,23.47962467702078,36.90803216413963,2770.0
90844.42220420144,97073.67433451545,23.4642580258496,36.9168663291203,2775.0
90961.66609393132,97258.30312565451,23.448777945973976,36.925758227810896,2780.0
91078.83200728112,97442.9766692244,23.43318266996144,36.934708713978196,2785.0
91195.91935922121,97627.69526253035,23.417470388019083,36.943718661190054,2790.0
91312.9275554543,97812.45920734758,23.401639246616632,36.952788963443965,2795.0
91429.85599218956,97997.26881002668,23.38568734705286,36.96192053582084,2800.0
91546.70405590937,98182.12438160251,23.369612743962417,36.97111431516562,2805.0
91663.47112312817,98367.02623790648,23.35341344376011,36.980371260795756,2810.0
91780.15656014327,98551.97469968267,23.337087403019435,36.9896923552391,2815.0
91896.75972277718,98736.97009270769,23.320632526782006,36.99907860500267,2820.0
92013.27995611115,98922.01274791456,23.30404666679429,37.008531041373956,2825.0
92129.71659420949,99107.10300152084,23.287327619667828,37.01805072125617,2830.0
92246.06895983429,99292.24119516104,23.270473124958972,37.02763872803949,2835.0
92362.3363641501,99477.4276760236,23.25348086316379,37.0372961725101,2840.0
92478.51810641823,99662.66279699259,23.236348453623616,37.0470241937989,2845.0
92594.61347367991,99847.94691679445,23.219073452336374,37.05682396037219,2850.0
92710.62174042825,100033.28040014979,23.20165334966862,37.06669667106643,2855.0
92826.54216826806,100218.66361793064,23.184085567962747,37.076643556169536,2860.0
92942.37400556322,100404.0969473234,23.166367459033374,37.08666587855137,2865.0
93058.11648707096,100589.58077199763,23.148496301547077,37.096764934845915,2870.0
93173.76883356235,100775.11548228106,23.13046929827842,37.106942056688204,2875.0
93289.33025142853,100960.7014753411,23.112283573235455,37.11719861200906,2880.0
93405.22471201031,101141.01726516469,23.178892116356455,36.06315796471738,2885.0
93520.94327880506,101322.74745412404,23.14371335895041,36.34603779187145,2890.0
93636.47508243698,101505.71803060976,23.106360726383258,36.59411529714275,2895.0
93751.81030962609,101689.78985654097,23.06704543782181,36.814365186242746,2900.0
93866.93972625003,101874.84999998058,23.02588332478882,37.012028687920846,2905.0
93981.85538111543,102060.7987299841,22.983130973079792,37.18974600070485,2910.0
94096.67425369509,102246.80160332395,22.963774515932524,37.20057466796993,2915.0
94211.39542115791,102432.85907794222,22.94423349256468,37.21149492365501,2920.0
94326.01794202448,102618.97162057064,22.92450417331494,37.222508525683764,2925.0
94437.36147377285,102794.39929443834,22.268706349673202,35.08553477353991,2930.0
94551.75764600703,102980.6379675063,22.879234446834232,37.24773461359364,2935.0
94666.0523137423,103166.93310107556,22.858933547055273,37.259026713848414,2940.0
94778.40297490697,103346.90673049995,22.470132232934077,35.99472588487807,2945.0
94892.47514476693,103533.32540521413,22.81443397198993,37.28373494283672,2950.0
95004.01481207745,103712.0408784896,22.307933462106117,35.74309465509512,2955.0
95117.8582602105,103898.58623521648,22.768689626610634,37.30907134537575,2960.0
95231.59499767428,104085.19058667895,22.74734749275774,37.320870292492316,2965.0
95345.22388965415,104271.85448983558,22.725778395974718,37.33278063132673,2970.0
95458.74377571122,104458.57851359424,22.703977211414223,37.344804751732674,2975.0
95568.63901291565,104633.53806373075,21.97904744088451,34.991910027303284,2980.0
95681.90583944225,104820.40138044454,22.65336530531947,37.37266334275716,2985.0
95795.06013131901,105007.32651542286,22.630858375353952,37.38502699566338,2990.0
95904.03877259184,105176.288649791,21.795728254565564,33.79242687362838,2995.0
96016.0946287951,105390.24860879336,22.411171240651722,42.791991800475735,3000.0
96126.80596739515,105604.93886209467,22.142267720012732,42.938050660260124,3005.0
96238.9946142632,105818.82610269838,22.437729373608587,42.77744812074316,3010.0
96350.70770019772,106032.97327594431,22.342617186904157,42.82943464918716,3015.0
96463.0199279661,106246.79274569891,22.462445553678283,42.76389395092009,3020.0
96574.47935247613,106461.07800745766,22.291884902004924,42.857052351751044,3025.0
96686.92469460207,106674.82437478461,22.489068425187035,42.749273465390736,3030.0
96799.20924702936,106885.6641507375,22.456910485457676,42.1679551905777,3035.0
96911.76047980474,107099.35228935292,22.510246555077266,42.73762772308288,3040.0
97024.37444277463,107313.0059008697,22.522792593978608,42.73072230335705,3045.0
97137.05213297211,107526.62441204813,22.535538039497574,42.72370223568598,3050.0
97249.7945800392,107740.20723049887,22.548489413419183,42.716563690146955,3055.0
97362.60284786022,107953.75374371026,22.56165356420336,42.709302642276725,3060.0
97475.47803630633,108167.26331800871,22.575037689221983,42.70191485968982,3065.0
97588.42128310095,108380.73529744636,22.588649358923487,42.69439588752722,3070.0
97701.43376581659,108594.16900260941,22.602496543129085,42.686741032610705,3075.0
97814.51670401504,108807.56372934023,22.616587639690728,42.678945346162,3080.0
97927.6713615439,109020.91874736486,22.630931505770068,42.67100360492821,3085.0
98040.89904900405,109234.23329881753,22.645537492031806,42.66291029053392,3090.0
98154.20112640447,109447.50659665182,22.6604154800838,42.65465956685616,3095.0
98267.57900602218,109660.73782292777,22.67557592354112,42.646245255191054,3100.0
98381.0341554879,109873.92612696251,22.691029893144297,42.63766080694811,3105.0
98494.56810112,110087.07062333036,22.706789126421498,42.62889927357135,3110.0
98608.18243153229,110300.17038969707,22.722866082456015,42.6199532733423,3115.0
98721.8788015443,110513.22446447042,22.73927400240283,42.610814954668896,3120.0
98835.65893642677,110726.23184424745,22.75602697649424,42.60147595540481,3125.0
98949.52463651872,110939.19148103581,22.77314001838886,42.591927357672844,3130.0
99063.47778225798,111152.10227922373,22.790629147852485,42.58215963758296,3135.0
99177.52033967257,111364.96309226942,22.80851148291793,42.57216260913724,3140.0
99291.65436638687,111577.77271907691,22.826805342859338,42.56192536149664,3145.0
99405.88201820457,111790.52990002013,22.84553036354301,42.55143618864443,3150.0
99520.2055563395,112003.2333125717,22.86470762698419,42.540682510313985,3155.0
99634.62735537582,112215.88156648593,22.88435980726534,42.52965078284636,3160.0
99749.14991205263,112428.47319847792,22.904511335362,42.51832639839944,3165.0
99863.77585498212,112641.0066663311,22.925188585896716,42.50669357063454,3170.0
99978.50795542923,112853.48034235432,22.94642008942192,42.49473520464402,3175.0
100093.34913930194,113065.89250609653,22.968236774540916,42.48243274844133,3180.0
100208.30250052719,113278.24133621046,22.990672245050693,42.46976602278706,3185.0
100323.37131601905,113490.52490133769,23.013763098372394,42.45671302544775,3190.0
100417.47855455239,113713.37336587539,18.82144770666823,44.569692907541324,3195.0
100533.45177068863,113925.14282299986,23.194643227246168,42.35389142489195,3200.0
100629.05637903516,114147.31850556264,19.12092166930592,44.43513651255564,3205.0
100745.97417311915,114358.54557068585,23.383558816798377,42.24541302464128,3210.0
100843.59746907347,114579.79504446623,19.524659190864494,44.24989475607452,3215.0
100961.48887222567,114790.4571802671,23.5782806304395,42.13242716017349,3220.0
101061.77113628286,115010.45260660126,20.05645281143771,43.99908526683346,3225.0
101180.6463821335,115220.53777660365,23.77504917012981,42.017034000479825,3230.0
101299.6755161349,115430.53214258759,23.805826800279004,41.9988731967859,3235.0
101418.86494487502,115640.43176325368,23.83788574802448,41.979924133220024,3240.0
101538.22163923345,115850.23234294156,23.871338871684955,41.960115937573036,3245.0
101653.16311555152,116062.58788677784,22.988295263613086,42.47110876725682,3250.0
101767.6577918901,116275.1951927076,22.898935267715366,42.52146118595133,3255.0
101881.97028295201,116487.90480280413,22.86249821238144,42.54192201930544,3260.0
101996.24634144436,116700.63484670277,22.855211698470587,42.546008779728126,3265.0
102110.5008185729,116913.37699101129,22.850895425707208,42.548428861704636,3270.0
102224.74552143253,117126.12461469181,22.84894057192651,42.54952473610564,3275.0
102338.99033527395,117338.87217616019,22.848962768285023,42.549512293675384,3280.0
102453.24738514332,117551.61287811442,22.851409973872222,42.54814039084474,3285.0
102567.53180220744,117764.33823469325,22.856883412822356,42.54507131576637,3290.0
102682.12922172404,117976.88775613489,22.919483903320835,42.509904288327675,3295.0
102802.91136168713,118191.91342254984,24.15642799261887,43.00513328299113,3300.0
102936.5101038823,118366.25654270049,26.719748439034525,34.868624030128835,3305.0
103068.61580554224,118542.36920503378,26.421140331986344,35.22253246665997,3310.0
103199.8495690475,118711.73371908934,26.246752701051353,33.8729028111115,3315.0
103328.89630023936,118882.54946532166,25.80934623837113,34.16314924646428,3320.0
103455.48757028097,119055.01693976855,25.31825400832237,34.493494889377544,3325.0
103579.28210577987,119229.40525270271,24.758907099780494,34.877662586830844,3330.0
103699.45871180028,119444.77186976699,24.035321204081153,43.07332341285727,3335.0
104175.0,120290.92858565852,0.0,0.0,3354.8087556170653
