x,y,v_x,v_y,t
104175.0,60145.46429282926,-21.166010488516726,-18.33030277982336,20.0
104069.16994755741,60053.81277893014,-21.166010488516726,-18.33030277982336,25.0
103963.33989511483,59962.16126503103,-21.166010488516726,-18.33030277982336,30.0
103857.50984267224,59870.50975113191,-21.166010488516726,-18.33030277982336,35.0
103751.67979022965,59778.858237232795,-21.166010488516722,-18.33030277982336,40.0
103645.84973778707,59687.20672333368,-21.166010488516722,-18.33030277982336,45.0
103540.01968534448,59595.55520943456,-21.166010488516726,-18.33030277982336,50.0
103434.1896329019,59503.903695535446,-21.166010488516722,-18.330302779823363,55.0
103328.3595804593,59412.25218163633,-21.166010488516722,-18.330302779823363,60.0
103222.52952801672,59320.60066773721,-21.166010488516722,-18.330302779823363,65.0
103116.69947557413,59228.9491538381,-21.16601048851672,-18.330302779823363,70.0
103010.86942313155,59137.29763993898,-21.16601048851672,-18.330302779823363,75.0
102905.03937068896,59045.646126039865,-21.16601048851672,-18.330302779823363,80.0
102799.20931824637,58953.99461214075,-21.16601048851672,-18.330302779823366,85.0
102693.37926580379,58862.34309824163,-21.16601048851672,-18.330302779823363,90.0
102587.5492133612,58770.691584342516,-21.16601048851671,-18.33030277982337,95.0
102481.71916091861,58679.0400704434,-21.16601048851672,-18.33030277982337,100.0
102375.88910847603,58587.38855654428,-21.16601048851672,-18.330302779823366,105.0
102270.05905603344,58495.73704264517,-21.16601048851672,-18.33030277982337,110.0
102164.22900359085,58404.08552874605,-21.166010488516715,-18.33030277982337,115.0
102058.39895114827,58312.434014846935,-21.16601048851671,-18.330302779823366,120.0
101952.56889870568,58220.78250094782,-21.16601048851671,-18.33030277982337,125.0
101846.73884626309,58129.1309870487,-21.166010488516715,-18.33030277982337,130.0
101740.9087938205,58037.479473149586,-21.166010488516715,-18.33030277982337,135.0
101635.07874137792,57945.82795925047,-21.16601048851671,-18.330302779823374,140.0
101529.24868893533,57854.17644535135,-21.16601048851671,-18.330302779823374,145.0
101423.41863649274,57762.52493145224,-21.16601048851671,-18.330302779823374,150.0
101317.58858405016,57670.87341755312,-21.16601048851671,-18.330302779823374,155.0
101211.75853160757,57579.221903654005,-21.16601048851671,-18.330302779823377,160.0
101105.92847916498,57487.57038975489,-21.16601048851671,-18.330302779823377,165.0
101000.0984267224,57395.91887585577,-21.16601048851671,-18.330302779823377,170.0
100894.26837427981,57304.267361956656,-21.16601048851671,-18.330302779823377,175.0
100788.43832183722,57212.61584805754,-21.166010488516708,-18.330302779823377,180.0
100682.60826939464,57120.96433415842,-21.166010488516708,-18.330302779823377,185.0
100576.77821695205,57029.31282025931,-21.166010488516708,-18.330302779823377,190.0
100470.94816450946,56937.66130636019,-21.166010488516704,-18.330302779823377,195.0
100365.11811206688,56846.009792461075,-21.166010488516708,-18.33030277982338,200.0
100259.28805962429,56754.35827856196,-21.166010488516708,-18.33030277982338,205.0
100153.4580071817,56662.70676466284,-21.166010488516708,-18.33030277982338,210.0
100047.62795473912,56571.055250763726,-21.166010488516708,-18.33030277982338,215.0
99941.79790229653,56479.40373686461,-21.166010488516708,-18.33030277982338,220.0
99835.96784985394,56387.75222296549,-21.166010488516704,-18.33030277982338,225.0
99730.13779741136,56296.10070906638,-21.166010488516708,-18.33030277982338,230.0
99624.30774496877,56204.44919516726,-21.166010488516708,-18.33030277982338,235.0
99518.47769252618,56112.797681268145,-21.1660104885167,-18.33030277982338,240.0
99412.6476400836,56021.14616736903,-21.1660104885167,-18.330302779823384,245.0
99306.81758764101,55929.49465346991,-21.166010488516704,-18.330302779823384,250.0
99200.98753519842,55837.843139570796,-21.166010488516704,-18.330302779823384,255.0
99095.15748275584,55746.19162567168,-21.1660104885167,-18.330302779823388,260.0
98989.32743031325,55654.54011177256,-21.1660104885167,-18.330302779823388,265.0
98883.49737787066,55562.88859787345,-21.166010488516697,-18.330302779823388,270.0
98777.66732542808,55471.23708397433,-21.166010488516697,-18.330302779823388,275.0
98671.83727298549,55379.585570075214,-21.166010488516697,-18.330302779823388,280.0
98566.0072205429,55287.9340561761,-21.1660104885167,-18.330302779823388,285.0
98460.17716810032,55196.28254227698,-21.166010488516694,-18.330302779823388,290.0
98354.34711565773,55104.631028377866,-21.166010488516697,-18.33030277982339,295.0
98248.51706321514,55012.97951447875,-21.166010488516697,-18.33030277982339,300.0
98142.68701077256,54921.32800057963,-21.166010488516697,-18.33030277982339,305.0
98036.85695832997,54829.67648668052,-21.166010488516694,-18.330302779823395,310.0
97931.02690588738,54738.0249727814,-21.166010488516697,-18.33030277982339,315.0
97825.1968534448,54646.373458882284,-21.16601048851669,-18.33030277982339,320.0
97719.36680100221,54554.72194498317,-21.16601048851669,-18.330302779823395,325.0
97613.53674855962,54463.07043108405,-21.166010488516694,-18.330302779823395,330.0
97507.70669611703,54371.418917184936,-21.16601048851669,-18.330302779823395,335.0
97401.87664367445,54279.76740328582,-21.16601048851669,-18.3303027798234,340.0
97296.04659123186,54188.1158893867,-21.16601048851669,-18.3303027798234,345.0
97190.21653878927,54096.46437548759,-21.16601048851669,-18.3303027798234,350.0
97084.38648634669,54004.81286158847,-21.16601048851669,-18.3303027798234,355.0
96978.5564339041,53913.161347689354,-21.166010488516683,-18.3303027798234,360.0
96872.72638146151,53821.50983379024,-21.16601048851669,-18.330302779823402,365.0
96766.89632901893,53729.85831989112,-21.166010488516687,-18.330302779823402,370.0
96661.06627657634,53638.206805992006,-21.166010488516687,-18.330302779823402,375.0
96555.23622413375,53546.55529209289,-21.166010488516687,-18.330302779823402,380.0
96449.40617169117,53454.90377819377,-21.166010488516687,-18.330302779823406,385.0
96343.57611924858,53363.25226429466,-21.166010488516683,-18.330302779823406,390.0
96237.746066806,53271.60075039554,-21.166010488516687,-18.330302779823406,395.0
96131.9160143634,53179.949236496424,-21.166010488516683,-18.330302779823406,400.0
96026.08596192082,53088.29772259731,-21.166010488516683,-18.33030277982341,405.0
95920.25590947823,52996.64620869819,-21.166010488516683,-18.330302779823406,410.0
95814.42585703565,52904.994694799076,-21.166010488516683,-18.33030277982341,415.0
95708.59580459306,52813.34318089996,-21.16601048851668,-18.33030277982341,420.0
95602.76575215047,52721.69166700084,-21.16601048851668,-18.330302779823406,425.0
95496.93569970789,52630.04015310173,-21.16601048851668,-18.330302779823413,430.0
95391.1056472653,52538.38863920261,-21.16601048851668,-18.330302779823413,435.0
95285.27559482271,52446.737125303494,-21.16601048851668,-18.330302779823416,440.0
95179.44554238013,52355.08561140438,-21.16601048851668,-18.330302779823416,445.0
95073.61548993754,52263.43409750526,-21.166010488516676,-18.330302779823413,450.0
94967.78543749495,52171.782583606146,-21.166010488516676,-18.330302779823413,455.0
94861.95538505237,52080.13106970703,-21.166010488516676,-18.330302779823413,460.0
94756.12533260978,51988.47955580791,-21.166010488516676,-18.330302779823413,465.0
94650.29528016719,51896.8280419088,-21.166010488516672,-18.330302779823416,470.0
94544.4652277246,51805.17652800968,-21.166010488516672,-18.330302779823416,475.0
94438.63517528202,51713.525014110564,-21.166010488516672,-18.330302779823416,480.0
94332.80512283943,51621.87350021145,-21.166010488516672,-18.33030277982342,485.0
94226.97507039685,51530.22198631233,-21.166010488516672,-18.33030277982342,490.0
94121.14501795426,51438.570472413216,-21.166010488516672,-18.33030277982342,495.0
94015.31496551167,51346.9189585141,-21.16601048851667,-18.33030277982342,500.0
93909.48491306909,51255.26744461498,-21.166010488516672,-18.33030277982342,505.0
93803.6548606265,51163.61593071587,-21.16601048851667,-18.330302779823423,510.0
93697.82480818391,51071.96441681675,-21.166010488516672,-18.33030277982342,515.0
93591.99475574133,50980.312902917634,-21.16601048851667,-18.330302779823423,520.0
93486.16470329874,50888.66138901852,-21.16601048851667,-18.330302779823423,525.0
93380.33465085615,50797.0098751194,-21.166010488516665,-18.330302779823427,530.0
93274.50459841356,50705.358361220286,-21.16601048851667,-18.330302779823427,535.0
93168.67454597098,50613.70684732117,-21.166010488516665,-18.33030277982343,540.0
93062.84449352839,50522.05533342205,-21.16601048851667,-18.330302779823427,545.0
92957.0144410858,50430.40381952294,-21.166010488516665,-18.33030277982343,550.0
92851.18438864322,50338.75230562382,-21.166010488516665,-18.33030277982343,555.0
92745.35433620063,50247.100791724704,-21.166010488516662,-18.330302779823427,560.0
92639.52428375804,50155.44927782559,-21.166010488516662,-18.33030277982343,565.0
92533.69423131546,50063.79776392647,-21.166010488516662,-18.330302779823434,570.0
92427.86417887287,49972.146250027356,-21.166010488516655,-18.33030277982343,575.0
92322.03412643028,49880.49473612824,-21.166010488516662,-18.330302779823434,580.0
92216.2040739877,49788.84322222912,-21.166010488516662,-18.330302779823434,585.0
92110.37402154511,49697.19170833001,-21.16601048851666,-18.330302779823437,590.0
92004.54396910252,49605.54019443089,-21.166010488516655,-18.330302779823434,595.0
91898.71391665994,49513.888680531774,-21.16601048851666,-18.330302779823437,600.0
91792.88386421735,49422.23716663266,-21.166010488516655,-18.330302779823437,605.0
91687.05381177476,49330.58565273354,-21.166010488516655,-18.330302779823437,610.0
91581.22375933218,49238.934138834426,-21.16601048851666,-18.330302779823437,615.0
91475.39370688959,49147.28262493531,-21.166010488516655,-18.330302779823437,620.0
91369.563654447,49055.63111103619,-21.166010488516655,-18.330302779823437,625.0
91263.73360200442,48963.97959713708,-21.16601048851665,-18.33030277982344,630.0
91157.90354956183,48872.32808323796,-21.16601048851665,-18.33030277982344,635.0
91052.07349711924,48780.676569338844,-21.16601048851665,-18.33030277982344,640.0
90946.24344467666,48689.02505543973,-21.16601048851665,-18.330302779823445,645.0
90840.41339223407,48597.37354154061,-21.16601048851665,-18.330302779823445,650.0
90734.58333979148,48505.722027641496,-21.166010488516648,-18.330302779823445,655.0
90628.7532873489,48414.07051374238,-21.16601048851665,-18.330302779823448,660.0
90522.92323490631,48322.41899984326,-21.16601048851665,-18.330302779823448,665.0
90417.09318246372,48230.76748594415,-21.16601048851665,-18.330302779823448,670.0
90311.26313002114,48139.11597204503,-21.16601048851665,-18.330302779823448,675.0
90205.43307757855,48047.464458145914,-21.166010488516648,-18.330302779823448,680.0
90099.60302513596,47955.8129442468,-21.166010488516644,-18.330302779823448,685.0
89993.77297269338,47864.16143034768,-21.166010488516644,-18.33030277982345,690.0
89887.94292025079,47772.509916448565,-21.166010488516644,-18.33030277982345,695.0
89782.1128678082,47680.85840254945,-21.16601048851664,-18.330302779823455,700.0
89676.28281536562,47589.20688865033,-21.16601048851664,-18.330302779823455,705.0
89570.45276292303,47497.55537475122,-21.16601048851664,-18.330302779823455,710.0
89464.62271048044,47405.9038608521,-21.166010488516644,-18.330302779823455,715.0
89358.79265803786,47314.252346952984,-21.166010488516637,-18.330302779823455,720.0
89252.96260559527,47222.60083305387,-21.16601048851664,-18.33030277982346,725.0
89147.13255315268,47130.94931915475,-21.166010488516637,-18.33030277982346,730.0
89041.3025007101,47039.297805255635,-21.166010488516637,-18.330302779823462,735.0
88935.47244826751,46947.64629135652,-21.166010488516637,-18.330302779823462,740.0
88829.64239582492,46855.9947774574,-21.166010488516637,-18.33030277982346,745.0
88723.81234338233,46764.34326355829,-21.166010488516633,-18.330302779823466,750.0
88617.98229093975,46672.69174965917,-21.166010488516633,-18.330302779823466,755.0
88512.15223849716,46581.040235760054,-21.166010488516633,-18.330302779823466,760.0
88406.32218605457,46489.38872186094,-21.166010488516633,-18.330302779823466,765.0
88300.49213361199,46397.73720796182,-21.166010488516626,-18.330302779823466,770.0
88194.6620811694,46306.085694062705,-21.166010488516626,-18.330302779823466,775.0
88088.83202872681,46214.43418016359,-21.16601048851663,-18.330302779823473,780.0
87983.00197628423,46122.78266626447,-21.166010488516626,-18.330302779823466,785.0
87877.17192384164,46031.13115236536,-21.166010488516626,-18.33030277982347,790.0
87771.34187139905,45939.47963846624,-21.166010488516626,-18.33030277982347,795.0
87665.51181895647,45847.828124567124,-21.166010488516626,-18.330302779823473,800.0
87559.68176651388,45756.17661066801,-21.166010488516626,-18.330302779823473,805.0
87453.8517140713,45664.52509676889,-21.166010488516623,-18.330302779823473,810.0
87348.0216616287,45572.873582869775,-21.166010488516623,-18.330302779823477,815.0
87242.19160918612,45481.22206897066,-21.166010488516623,-18.330302779823477,820.0
87136.36155674353,45389.57055507154,-21.166010488516623,-18.330302779823477,825.0
87030.53150430095,45297.91904117243,-21.166010488516623,-18.33030277982348,830.0
86924.70145185836,45206.26752727331,-21.166010488516623,-18.33030277982348,835.0
86818.87139941577,45114.616013374194,-21.16601048851662,-18.330302779823484,840.0
86713.04134697319,45022.96449947508,-21.166010488516616,-18.330302779823484,845.0
86607.2112945306,44931.31298557596,-21.166010488516616,-18.330302779823484,850.0
86501.38124208801,44839.661471676845,-21.166010488516616,-18.330302779823484,855.0
86395.55118964543,44748.00995777773,-21.166010488516612,-18.330302779823484,860.0
86289.72113720284,44656.35844387861,-21.166010488516616,-18.330302779823484,865.0
86183.89108476025,44564.7069299795,-21.166010488516616,-18.330302779823487,870.0
86078.06103231767,44473.05541608038,-21.166010488516616,-18.330302779823487,875.0
85972.23097987508,44381.403902181264,-21.166010488516612,-18.330302779823487,880.0
85866.40092743249,44289.75238828215,-21.166010488516612,-18.33030277982349,885.0
85760.5708749899,44198.10087438303,-21.16601048851661,-18.33030277982349,890.0
85654.74082254732,44106.449360483915,-21.166010488516612,-18.33030277982349,895.0
85548.91077010473,44014.7978465848,-21.166010488516612,-18.330302779823494,900.0
85443.08071766215,43923.14633268568,-21.166010488516612,-18.330302779823494,905.0
85337.25066521956,43831.49481878657,-21.166010488516605,-18.330302779823494,910.0
85231.42061277697,43739.84330488745,-21.16601048851661,-18.330302779823494,915.0
85125.59056033439,43648.191790988334,-21.166010488516605,-18.330302779823494,920.0
85019.7605078918,43556.54027708922,-21.166010488516605,-18.330302779823498,925.0
84913.93045544921,43464.8887631901,-21.166010488516598,-18.330302779823498,930.0
84808.10040300663,43373.237249290985,-21.166010488516598,-18.330302779823498,935.0
84702.27035056404,43281.58573539187,-21.1660104885166,-18.3303027798235,940.0
84596.44029812145,43189.93422149275,-21.1660104885166,-18.3303027798235,945.0
84490.61024567886,43098.28270759364,-21.166010488516598,-18.330302779823505,950.0
84384.78019323628,43006.63119369452,-21.1660104885166,-18.330302779823505,955.0
84278.95014079369,42914.979679795404,-21.166010488516598,-18.330302779823505,960.0
84173.1200883511,42823.32816589629,-21.166010488516598,-18.330302779823505,965.0
84067.29003590852,42731.67665199717,-21.166010488516594,-18.33030277982351,970.0
83961.45998346593,42640.025138098055,-21.166010488516594,-18.33030277982351,975.0
83855.62993102334,42548.37362419894,-21.166010488516594,-18.330302779823512,980.0
83749.79987858076,42456.72211029982,-21.166010488516594,-18.330302779823512,985.0
83643.96982613817,42365.07059640071,-21.16601048851659,-18.330302779823512,990.0
83538.13977369558,42273.41908250159,-21.16601048851659,-18.330302779823512,995.0
83432.309721253,42181.767568602474,-21.166010488516594,-18.330302779823516,1000.0
83326.47966881041,42090.11605470336,-21.166010488516594,-18.330302779823516,1005.0
83220.64961636782,41998.46454080424,-21.166010488516587,-18.330302779823516,1010.0
83114.81956392524,41906.813026905125,-21.166010488516587,-18.330302779823516,1015.0
83008.98951148265,41815.16151300601,-21.166010488516587,-18.33030277982352,1020.0
82903.15945904006,41723.50999910689,-21.166010488516587,-18.33030277982352,1025.0
82797.32940659748,41631.85848520778,-21.166010488516584,-18.330302779823523,1030.0
82691.49935415489,41540.20697130866,-21.166010488516584,-18.330302779823523,1035.0
82585.6693017123,41448.555457409544,-21.166010488516584,-18.330302779823523,1040.0
82479.83924926972,41356.90394351043,-21.166010488516584,-18.330302779823526,1045.0
82374.00919682713,41265.25242961131,-21.16601048851658,-18.33030277982353,1050.0
82268.17914438454,41173.600915712195,-21.166010488516577,-18.330302779823526,1055.0
82162.34909194196,41081.94940181308,-21.166010488516577,-18.33030277982353,1060.0
82056.51903949937,40990.29788791396,-21.166010488516577,-18.33030277982353,1065.0
81950.68898705678,40898.64637401485,-21.166010488516573,-18.33030277982353,1070.0
81844.8589346142,40806.99486011573,-21.166010488516573,-18.33030277982353,1075.0
81739.02888217161,40715.343346216614,-21.166010488516573,-18.330302779823533,1080.0
81633.19882972902,40623.6918323175,-21.166010488516573,-18.330302779823533,1085.0
81527.36877728644,40532.04031841838,-21.16601048851657,-18.330302779823533,1090.0
81421.53872484385,40440.388804519265,-21.166010488516573,-18.330302779823537,1095.0
81315.70867240126,40348.73729062015,-21.16601048851657,-18.33030277982354,1100.0
81209.87861995868,40257.08577672103,-21.16601048851657,-18.33030277982354,1105.0
81104.04856751609,40165.43426282192,-21.166010488516566,-18.33030277982354,1110.0
80998.2185150735,40073.7827489228,-21.166010488516566,-18.330302779823544,1115.0
80892.38846263092,39982.131235023684,-21.166010488516562,-18.33030277982354,1120.0
80786.55841018833,39890.47972112457,-21.166010488516562,-18.330302779823544,1125.0
80680.72835774574,39798.82820722545,-21.16601048851656,-18.330302779823544,1130.0
80574.89830530316,39707.176693326335,-21.16601048851656,-18.330302779823548,1135.0
80469.06825286057,39615.52517942722,-21.16601048851656,-18.330302779823548,1140.0
80363.23820041798,39523.8736655281,-21.16601048851656,-18.33030277982355,1145.0
80257.4081479754,39432.22215162899,-21.166010488516555,-18.33030277982355,1150.0
80151.57809553281,39340.57063772987,-21.16601048851656,-18.33030277982355,1155.0
80045.74804309022,39248.919123830754,-21.166010488516555,-18.33030277982355,1160.0
79939.91799064763,39157.26760993164,-21.16601048851656,-18.330302779823555,1165.0
79834.08793820505,39065.61609603252,-21.16601048851655,-18.330302779823555,1170.0
79728.25788576246,38973.964582133405,-21.16601048851655,-18.330302779823555,1175.0
79622.42783331987,38882.31306823429,-21.166010488516548,-18.33030277982356,1180.0
79516.59778087729,38790.66155433517,-21.16601048851655,-18.33030277982356,1185.0
79410.7677284347,38699.01004043606,-21.166010488516548,-18.330302779823562,1190.0
79304.93767599211,38607.35852653694,-21.166010488516548,-18.330302779823562,1195.0
79199.10762354953,38515.707012637824,-21.16601048851654,-18.330302779823562,1200.0
79093.27757110694,38424.05549873871,-21.166010488516548,-18.330302779823565,1205.0
78987.44751866435,38332.40398483959,-21.16601048851654,-18.33030277982357,1210.0
78881.61746622177,38240.752470940475,-21.16601048851654,-18.33030277982357,1215.0
78775.78741377918,38149.10095704136,-21.16601048851654,-18.330302779823572,1220.0
78669.9573613366,38057.44944314224,-21.16601048851654,-18.33030277982357,1225.0
78564.127308894,37965.79792924313,-21.166010488516537,-18.330302779823576,1230.0
78458.29725645142,37874.14641534401,-21.166010488516537,-18.330302779823576,1235.0
78352.46720400883,37782.494901444894,-21.166010488516537,-18.330302779823576,1240.0
78246.63715156625,37690.84338754578,-21.166010488516534,-18.33030277982358,1245.0
78140.80709912366,37599.19187364666,-21.166010488516537,-18.33030277982358,1250.0
78034.97704668107,37507.540359747545,-21.166010488516534,-18.33030277982358,1255.0
77929.14699423849,37415.88884584843,-21.16601048851653,-18.330302779823587,1260.0
77823.3169417959,37324.23733194931,-21.16601048851653,-18.330302779823587,1265.0
77717.48688935331,37232.5858180502,-21.16601048851653,-18.330302779823587,1270.0
77611.65683691073,37140.93430415108,-21.16601048851653,-18.330302779823587,1275.0
77505.82678446814,37049.282790251964,-21.166010488516527,-18.330302779823587,1280.0
77399.99673202555,36957.63127635285,-21.166010488516527,-18.33030277982359,1285.0
77294.16667958297,36865.97976245373,-21.166010488516523,-18.33030277982359,1290.0
77188.33662714038,36774.328248554615,-21.166010488516523,-18.330302779823594,1295.0
77082.50657469779,36682.6767346555,-21.16601048851652,-18.330302779823597,1300.0
76976.6765222552,36591.02522075638,-21.166010488516523,-18.330302779823594,1305.0
76870.84646981262,36499.37370685727,-21.16601048851652,-18.330302779823597,1310.0
76765.01641737003,36407.72219295815,-21.16601048851652,-18.330302779823597,1315.0
76659.18636492745,36316.070679059034,-21.166010488516516,-18.3303027798236,1320.0
76553.35631248486,36224.41916515992,-21.166010488516516,-18.330302779823604,1325.0
76447.52626004227,36132.7676512608,-21.166010488516513,-18.3303027798236,1330.0
76341.69620759969,36041.116137361685,-21.166010488516513,-18.330302779823604,1335.0
76235.8661551571,35949.46462346257,-21.16601048851651,-18.330302779823604,1340.0
76130.03610271451,35857.81310956345,-21.16601048851651,-18.330302779823608,1345.0
76024.20605027193,35766.161595664336,-21.16601048851651,-18.330302779823608,1350.0
75918.37599782934,35674.51008176522,-21.16601048851651,-18.330302779823608,1355.0
75812.54594538675,35582.858567866104,-21.166010488516502,-18.33030277982361,1360.0
75706.71589294416,35491.20705396699,-21.166010488516502,-18.33030277982361,1365.0
75600.88584050158,35399.55554006787,-21.166010488516502,-18.330302779823615,1370.0
75495.05578805899,35307.904026168755,-21.166010488516502,-18.330302779823615,1375.0
75389.2257356164,35216.25251226964,-21.166010488516502,-18.33030277982362,1380.0
75283.39568317382,35124.60099837052,-21.166010488516502,-18.33030277982362,1385.0
75177.56563073123,35032.949484471406,-21.166010488516495,-18.330302779823626,1390.0
75071.73557828864,34941.29797057229,-21.166010488516495,-18.330302779823626,1395.0
74965.90552584606,34849.646456673174,-21.166010488516495,-18.330302779823626,1400.0
74860.07547340347,34757.99494277406,-21.16601048851649,-18.330302779823626,1405.0
74754.24542096088,34666.34342887494,-21.16601048851649,-18.330302779823626,1410.0
74648.4153685183,34574.691914975825,-21.166010488516488,-18.330302779823633,1415.0
74542.58531607571,34483.04040107671,-21.166010488516488,-18.330302779823633,1420.0
74436.75526363312,34391.38888717759,-21.166010488516488,-18.330302779823633,1425.0
74330.92521119054,34299.737373278476,-21.166010488516484,-18.330302779823633,1430.0
74225.09515874795,34208.08585937936,-21.166010488516488,-18.330302779823636,1435.0
74119.26510630536,34116.434345480244,-21.16601048851648,-18.330302779823636,1440.0
74013.43505386278,34024.78283158113,-21.16601048851648,-18.330302779823644,1445.0
73907.60500142019,33933.13131768201,-21.16601048851648,-18.330302779823644,1450.0
73801.7749489776,33841.479803782895,-21.16601048851648,-18.330302779823644,1455.0
73695.94489653502,33749.82828988378,-21.16601048851648,-18.330302779823647,1460.0
73590.11484409243,33658.17677598466,-21.16601048851648,-18.330302779823647,1465.0
73484.28479164984,33566.525262085546,-21.16601048851647,-18.330302779823647,1470.0
73378.45473920726,33474.87374818643,-21.166010488516473,-18.33030277982365,1475.0
73272.62468676467,33383.222234287314,-21.16601048851647,-18.330302779823654,1480.0
73166.79463432208,33291.5707203882,-21.16601048851647,-18.330302779823654,1485.0
73060.9645818795,33199.91920648908,-21.166010488516466,-18.330302779823658,1490.0
72955.13452943691,33108.267692589965,-21.166010488516466,-18.330302779823658,1495.0
72849.30447699432,33016.61617869085,-21.166010488516463,-18.33030277982366,1500.0
72743.47442455174,32924.96466479173,-21.166010488516463,-18.33030277982366,1505.0
72637.64437210915,32833.313150892616,-21.16601048851646,-18.330302779823665,1510.0
72531.81431966656,32741.661636993496,-21.16601048851646,-18.330302779823665,1515.0
72425.98426722398,32650.010123094376,-21.16601048851646,-18.330302779823665,1520.0
72320.15421478139,32558.358609195257,-21.16601048851646,-18.330302779823665,1525.0
72214.3241623388,32466.707095296137,-21.166010488516456,-18.330302779823665,1530.0
72108.49410989622,32375.055581397017,-21.166010488516456,-18.330302779823665,1535.0
72002.66405745363,32283.404067497897,-21.166010488516456,-18.330302779823665,1540.0
71896.83400501104,32191.752553598777,-21.166010488516456,-18.33030277982367,1545.0
71791.00395256846,32100.101039699657,-21.166010488516456,-18.330302779823672,1550.0
71685.17390012587,32008.449525800537,-21.166010488516456,-18.330302779823672,1555.0
71579.34384768328,31916.798011901417,-21.166010488516452,-18.330302779823672,1560.0
71473.5137952407,31825.146498002297,-21.166010488516452,-18.330302779823672,1565.0
71367.68374279811,31733.494984103178,-21.166010488516452,-18.330302779823672,1570.0
71261.85369035552,31641.843470204058,-21.166010488516452,-18.330302779823672,1575.0
71156.02363791293,31550.191956304938,-21.166010488516452,-18.330302779823676,1580.0
71050.19358547035,31458.540442405818,-21.16601048851645,-18.330302779823676,1585.0
70944.36353302776,31366.888928506698,-21.166010488516452,-18.330302779823676,1590.0
70838.53348058517,31275.237414607578,-21.16601048851645,-18.330302779823676,1595.0
70732.70342814259,31183.58590070846,-21.166010488516445,-18.33030277982368,1600.0
70626.8733757,31091.93438680934,-21.166010488516445,-18.33030277982368,1605.0
70521.04332325741,31000.28287291022,-21.166010488516445,-18.330302779823683,1610.0
70415.21327081483,30908.6313590111,-21.166010488516445,-18.33030277982368,1615.0
70309.38321837224,30816.97984511198,-21.166010488516445,-18.33030277982368,1620.0
70203.55316592965,30725.32833121286,-21.166010488516445,-18.330302779823683,1625.0
70097.72311348707,30633.67681731374,-21.166010488516445,-18.330302779823683,1630.0
69991.89306104448,30542.02530341462,-21.16601048851644,-18.330302779823683,1635.0
69886.0630086019,30450.3737895155,-21.166010488516445,-18.330302779823683,1640.0
69780.2329561593,30358.72227561638,-21.166010488516445,-18.33030277982369,1645.0
69674.40290371672,30267.07076171726,-21.16601048851644,-18.330302779823686,1650.0
69568.57285127413,30175.41924781814,-21.16601048851644,-18.330302779823686,1655.0
69462.74279883155,30083.76773391902,-21.166010488516438,-18.330302779823686,1660.0
69356.91274638896,29992.1162200199,-21.166010488516438,-18.33030277982369,1665.0
69251.08269394637,29900.46470612078,-21.16601048851644,-18.33030277982369,1670.0
69145.25264150379,29808.81319222166,-21.166010488516438,-18.33030277982369,1675.0
69039.4225890612,29717.16167832254,-21.166010488516438,-18.330302779823693,1680.0
68933.59253661861,29625.51016442342,-21.166010488516434,-18.330302779823693,1685.0
68827.76248417603,29533.8586505243,-21.166010488516434,-18.330302779823693,1690.0
68721.93243173344,29442.20713662518,-21.166010488516434,-18.330302779823697,1695.0
68616.10237929085,29350.55562272606,-21.166010488516434,-18.330302779823693,1700.0
68510.27232684827,29258.90410882694,-21.166010488516434,-18.3303027798237,1705.0
68404.44227440568,29167.25259492782,-21.166010488516427,-18.330302779823697,1710.0
68298.61222196309,29075.6010810287,-21.166010488516427,-18.330302779823697,1715.0
68192.7821695205,28983.94956712958,-21.16601048851643,-18.3303027798237,1720.0
68086.95211707792,28892.29805323046,-21.16601048851643,-18.3303027798237,1725.0
67981.12206463533,28800.64653933134,-21.166010488516427,-18.3303027798237,1730.0
67875.29201219275,28708.99502543222,-21.166010488516427,-18.3303027798237,1735.0
67769.46195975016,28617.3435115331,-21.166010488516427,-18.330302779823704,1740.0
67663.63190730757,28525.69199763398,-21.166010488516427,-18.330302779823704,1745.0
67557.80185486499,28434.04048373486,-21.166010488516424,-18.330302779823704,1750.0
67451.9718024224,28342.38896983574,-21.166010488516424,-18.330302779823704,1755.0
67346.14174997981,28250.73745593662,-21.166010488516424,-18.330302779823704,1760.0
67240.31169753722,28159.0859420375,-21.166010488516424,-18.330302779823707,1765.0
67134.48164509464,28067.434428138382,-21.16601048851642,-18.330302779823707,1770.0
67028.65159265205,27975.782914239262,-21.166010488516424,-18.33030277982371,1775.0
66922.82154020946,27884.131400340142,-21.166010488516424,-18.33030277982371,1780.0
66816.99148776688,27792.479886441022,-21.166010488516424,-18.33030277982371,1785.0
66711.16143532429,27700.828372541902,-21.166010488516424,-18.33030277982371,1790.0
66605.3313828817,27609.176858642782,-21.16601048851642,-18.33030277982371,1795.0
66499.50133043912,27517.525344743663,-21.166010488516417,-18.330302779823715,1800.0
66393.67127799653,27425.873830844543,-21.166010488516417,-18.330302779823718,1805.0
66287.84122555394,27334.222316945423,-21.166010488516417,-18.33030277982372,1810.0
66182.01117311136,27242.570803046303,-21.166010488516413,-18.330302779823718,1815.0
66076.18112066877,27150.919289147183,-21.166010488516417,-18.330302779823718,1820.0
65970.35106822618,27059.267775248063,-21.166010488516413,-18.330302779823718,1825.0
65864.5210157836,26967.616261348943,-21.166010488516413,-18.33030277982372,1830.0
65758.69096334101,26875.964747449823,-21.16601048851641,-18.33030277982372,1835.0
65652.86091089842,26784.313233550703,-21.16601048851641,-18.33030277982372,1840.0
65547.03085845584,26692.661719651584,-21.166010488516406,-18.33030277982372,1845.0
65441.20080601326,26601.010205752464,-21.166010488516406,-18.33030277982372,1850.0
65335.37075357068,26509.358691853344,-21.16601048851641,-18.33030277982372,1855.0
65229.5407011281,26417.707177954224,-21.16601048851641,-18.33030277982372,1860.0
65123.71064868552,26326.055664055104,-21.166010488516413,-18.33030277982372,1865.0
65017.88059624294,26234.404150155984,-21.166010488516413,-18.33030277982372,1870.0
64912.05054380036,26142.752636256864,-21.166010488516413,-18.33030277982372,1875.0
64806.22049135778,26051.101122357744,-21.166010488516413,-18.330302779823718,1880.0
64700.3904389152,25959.449608458624,-21.166010488516417,-18.330302779823715,1885.0
64594.56038647262,25867.798094559505,-21.166010488516417,-18.330302779823715,1890.0
64488.73033403004,25776.146580660385,-21.166010488516424,-18.33030277982371,1895.0
64382.90028158746,25684.495066761265,-21.166010488516424,-18.33030277982371,1900.0
64277.07022914488,25592.843552862145,-21.16601048851642,-18.330302779823707,1905.0
64171.240176702304,25501.192038963025,-21.16601048851642,-18.33030277982371,1910.0
64065.410124259724,25409.540525063905,-21.16601048851642,-18.330302779823707,1915.0
63959.580071817145,25317.889011164785,-21.166010488516424,-18.330302779823704,1920.0
63853.750019374565,25226.237497265665,-21.166010488516427,-18.330302779823704,1925.0
63747.919966931986,25134.585983366545,-21.166010488516427,-18.330302779823704,1930.0
63642.08991448941,25042.934469467426,-21.166010488516427,-18.3303027798237,1935.0
63536.25986204683,24951.282955568306,-21.16601048851643,-18.3303027798237,1940.0
63430.42980960425,24859.631441669186,-21.16601048851643,-18.330302779823697,1945.0
63324.59975716167,24767.979927770066,-21.166010488516434,-18.3303027798237,1950.0
63218.76970471909,24676.328413870946,-21.166010488516427,-18.330302779823693,1955.0
63112.93965227651,24584.676899971826,-21.166010488516434,-18.330302779823693,1960.0
63007.10959983393,24493.025386072706,-21.166010488516438,-18.330302779823693,1965.0
62901.27954739135,24401.373872173586,-21.16601048851644,-18.330302779823693,1970.0
62795.44949494877,24309.722358274466,-21.166010488516438,-18.330302779823686,1975.0
62689.61944250619,24218.070844375346,-21.166010488516445,-18.33030277982369,1980.0
62583.78939006361,24126.419330476227,-21.16601048851644,-18.330302779823683,1985.0
62477.95933762103,24034.767816577107,-21.166010488516445,-18.330302779823683,1990.0
62372.12928517845,23943.116302677987,-21.166010488516445,-18.330302779823683,1995.0
62266.29923273587,23851.464788778867,-21.166010488516445,-18.33030277982368,2000.0
62160.469180293294,23759.813274879747,-21.16601048851645,-18.33030277982368,2005.0
62054.639127850714,23668.161760980627,-21.16601048851645,-18.330302779823676,2010.0
61948.809075408135,23576.510247081507,-21.166010488516452,-18.330302779823676,2015.0
61842.979022965555,23484.858733182387,-21.166010488516452,-18.330302779823672,2020.0
61737.148970522976,23393.207219283267,-21.166010488516456,-18.330302779823672,2025.0
61631.3189180804,23301.555705384148,-21.16601048851646,-18.330302779823665,2030.0
61525.48886563782,23209.904191485028,-21.16601048851646,-18.330302779823665,2035.0
61419.65881319524,23118.252677585908,-21.16601048851646,-18.330302779823665,2040.0
61313.82876075266,23026.601163686788,-21.16601048851646,-18.330302779823665,2045.0
61207.99870831008,22934.949649787668,-21.16601048851646,-18.330302779823665,2050.0
61102.1686558675,22843.298135888548,-21.166010488516466,-18.330302779823658,2055.0
60996.33860342492,22751.64662198943,-21.166010488516466,-18.330302779823658,2060.0
60890.50855098234,22659.99510809031,-21.16601048851647,-18.330302779823654,2065.0
60784.67849853976,22568.34359419119,-21.166010488516466,-18.330302779823654,2070.0
60678.84844609718,22476.69208029207,-21.16601048851647,-18.330302779823654,2075.0
60573.0183936546,22385.04056639295,-21.16601048851647,-18.330302779823654,2080.0
60467.18834121202,22293.38905249383,-21.166010488516473,-18.33030277982365,2085.0
60361.35828876944,22201.73753859471,-21.16601048851648,-18.330302779823647,2090.0
60255.52823632686,22110.08602469559,-21.166010488516477,-18.330302779823644,2095.0
60149.698183884284,22018.43451079647,-21.16601048851648,-18.330302779823644,2100.0
60043.868131441704,21926.78299689735,-21.16601048851648,-18.33030277982364,2105.0
59938.038078999125,21835.13148299823,-21.16601048851648,-18.330302779823636,2110.0
59832.208026556546,21743.47996909911,-21.16601048851648,-18.330302779823636,2115.0
59726.377974113966,21651.82845519999,-21.166010488516484,-18.330302779823636,2120.0
59620.54792167139,21560.17694130087,-21.166010488516488,-18.330302779823633,2125.0
59514.71786922881,21468.52542740175,-21.166010488516488,-18.330302779823633,2130.0
59408.88781678623,21376.87391350263,-21.16601048851649,-18.330302779823626,2135.0
59303.05776434365,21285.22239960351,-21.16601048851649,-18.330302779823626,2140.0
59197.22771190107,21193.57088570439,-21.166010488516495,-18.330302779823626,2145.0
59091.39765945849,21101.91937180527,-21.1660104885165,-18.330302779823622,2150.0
58985.56760701591,21010.26785790615,-21.1660104885165,-18.330302779823622,2155.0
58879.73755457333,20918.61634400703,-21.1660104885165,-18.33030277982362,2160.0
58773.90750213075,20826.964830107914,-21.166010488516502,-18.330302779823615,2165.0
58668.07744968817,20735.313316208798,-21.166010488516502,-18.33030277982361,2170.0
58562.24739724559,20643.66180230968,-21.166010488516502,-18.33030277982361,2175.0
58456.41734480301,20552.010288410565,-21.166010488516502,-18.33030277982361,2180.0
58350.58729236043,20460.35877451145,-21.166010488516502,-18.330302779823615,2185.0
58244.75723991785,20368.707260612333,-21.166010488516502,-18.33030277982361,2190.0
58138.927187475274,20277.055746713217,-21.166010488516502,-18.33030277982361,2195.0
58033.097135032694,20185.4042328141,-21.166010488516502,-18.33030277982361,2200.0
57927.267082590115,20093.752718914984,-21.166010488516502,-18.330302779823608,2205.0
57821.437030147536,20002.101205015868,-21.16601048851651,-18.330302779823608,2210.0
57715.606977704956,19910.44969111675,-21.16601048851651,-18.330302779823608,2215.0
57609.77692526238,19818.798177217635,-21.166010488516502,-18.330302779823608,2220.0
57503.9468728198,19727.14666331852,-21.16601048851651,-18.330302779823608,2225.0
57398.11682037722,19635.495149419403,-21.16601048851651,-18.330302779823608,2230.0
57292.28676793464,19543.843635520287,-21.166010488516505,-18.330302779823608,2235.0
57186.45671549206,19452.19212162117,-21.16601048851651,-18.330302779823608,2240.0
57080.62666304948,19360.540607722054,-21.16601048851651,-18.330302779823608,2245.0
56974.7966106069,19268.889093822938,-21.16601048851651,-18.330302779823608,2250.0
56868.96655816432,19177.23757992382,-21.16601048851651,-18.330302779823608,2255.0
56763.13650572174,19085.586066024705,-21.16601048851651,-18.330302779823608,2260.0
56657.30645327916,18993.93455212559,-21.16601048851651,-18.330302779823608,2265.0
56551.47640083658,18902.283038226473,-21.16601048851651,-18.330302779823608,2270.0
56445.646348394,18810.631524327357,-21.16601048851651,-18.330302779823604,2275.0
56339.81629595142,18718.98001042824,-21.16601048851651,-18.330302779823604,2280.0
56233.98624350884,18627.328496529124,-21.166010488516513,-18.330302779823604,2285.0
56128.156191066264,18535.676982630008,-21.166010488516513,-18.330302779823604,2290.0
56022.326138623685,18444.02546873089,-21.166010488516513,-18.330302779823604,2295.0
55916.496086181105,18352.373954831775,-21.166010488516513,-18.330302779823604,2300.0
55810.666033738526,18260.72244093266,-21.166010488516513,-18.330302779823604,2305.0
55704.835981295946,18169.070927033543,-21.166010488516513,-18.330302779823604,2310.0
55599.00592885337,18077.419413134427,-21.166010488516513,-18.3303027798236,2315.0
55493.17587641079,17985.76789923531,-21.166010488516513,-18.330302779823604,2320.0
55387.34582396821,17894.116385336194,-21.166010488516513,-18.330302779823604,2325.0
55281.51577152563,17802.464871437078,-21.166010488516516,-18.330302779823597,2330.0
55175.68571908305,17710.81335753796,-21.166010488516516,-18.330302779823597,2335.0
55069.85566664047,17619.161843638845,-21.166010488516513,-18.330302779823597,2340.0
54964.02561419789,17527.51032973973,-21.166010488516516,-18.330302779823597,2345.0
54858.19556175531,17435.858815840613,-21.16601048851652,-18.330302779823597,2350.0
54752.36550931273,17344.207301941497,-21.166010488516513,-18.330302779823597,2355.0
54646.53545687015,17252.55578804238,-21.16601048851652,-18.330302779823597,2360.0
54540.70540442757,17160.904274143264,-21.16601048851652,-18.330302779823597,2365.0
54434.87535198499,17069.252760244148,-21.16601048851652,-18.330302779823594,2370.0
54329.04529954241,16977.60124634503,-21.166010488516523,-18.330302779823594,2375.0
54223.21524709983,16885.949732445915,-21.16601048851652,-18.330302779823597,2380.0
54117.385194657254,16794.2982185468,-21.166010488516523,-18.330302779823594,2385.0
54011.555142214675,16702.646704647683,-21.166010488516523,-18.330302779823594,2390.0
53905.725089772095,16610.995190748567,-21.16601048851652,-18.33030277982359,2395.0
53799.895037329516,16519.34367684945,-21.166010488516523,-18.33030277982359,2400.0
53694.064984886936,16427.692162950334,-21.166010488516523,-18.330302779823594,2405.0
53588.23493244436,16336.040649051216,-21.166010488516523,-18.33030277982359,2410.0
53482.40488000178,16244.389135152098,-21.16601048851653,-18.330302779823587,2415.0
53376.5748275592,16152.73762125298,-21.166010488516527,-18.330302779823587,2420.0
53270.74477511662,16061.086107353862,-21.166010488516527,-18.330302779823583,2425.0
53164.91472267404,15969.434593454744,-21.16601048851653,-18.330302779823587,2430.0
53059.08467023146,15877.783079555626,-21.166010488516537,-18.33030277982358,2435.0
52953.25461778888,15786.131565656508,-21.16601048851653,-18.33030277982358,2440.0
52847.4245653463,15694.48005175739,-21.166010488516537,-18.330302779823576,2445.0
52741.59451290372,15602.828537858271,-21.166010488516537,-18.330302779823576,2450.0
52635.76446046114,15511.177023959153,-21.166010488516537,-18.330302779823572,2455.0
52529.93440801856,15419.525510060035,-21.16601048851654,-18.330302779823572,2460.0
52424.10435557598,15327.873996160917,-21.16601048851654,-18.33030277982357,2465.0
52318.2743031334,15236.222482261799,-21.166010488516545,-18.330302779823565,2470.0
52212.44425069082,15144.570968362681,-21.166010488516548,-18.330302779823565,2475.0
52106.614198248244,15052.919454463563,-21.166010488516548,-18.330302779823565,2480.0
52000.784145805665,14961.267940564445,-21.16601048851655,-18.330302779823562,2485.0
51894.954093363085,14869.616426665327,-21.16601048851655,-18.33030277982356,2490.0
51789.124040920506,14777.964912766209,-21.166010488516555,-18.330302779823555,2495.0
51683.293988477926,14686.31339886709,-21.166010488516555,-18.33030277982355,2500.0
51577.46393603535,14594.661884967973,-21.16601048851656,-18.33030277982355,2505.0
51471.63388359277,14503.010371068855,-21.16601048851656,-18.33030277982355,2510.0
51365.80383115019,14411.358857169736,-21.16601048851656,-18.330302779823548,2515.0
51259.97377870761,14319.707343270618,-21.166010488516562,-18.330302779823544,2520.0
51154.14372626503,14228.0558293715,-21.166010488516566,-18.330302779823544,2525.0
51048.31367382245,14136.404315472382,-21.16601048851657,-18.33030277982354,2530.0
50942.48362137987,14044.752801573264,-21.16601048851657,-18.33030277982354,2535.0
50836.65356893729,13953.101287674146,-21.166010488516573,-18.330302779823537,2540.0
50730.82351649471,13861.449773775028,-21.166010488516573,-18.330302779823533,2545.0
50624.99346405213,13769.79825987591,-21.166010488516577,-18.330302779823526,2550.0
50519.16341160955,13678.146745976792,-21.166010488516577,-18.330302779823526,2555.0
50413.33335916697,13586.495232077674,-21.16601048851658,-18.33030277982353,2560.0
50307.50330672439,13494.843718178556,-21.16601048851658,-18.33030277982352,2565.0
50201.67325428181,13403.192204279438,-21.166010488516587,-18.33030277982352,2570.0
50095.843201839234,13311.54069038032,-21.166010488516587,-18.33030277982352,2575.0
49990.013149396655,13219.889176481202,-21.166010488516594,-18.330302779823516,2580.0
49884.183096954075,13128.237662582083,-21.166010488516594,-18.330302779823512,2585.0
49778.353044511496,13036.586148682965,-21.166010488516594,-18.33030277982351,2590.0
49672.522992068916,12944.934634783847,-21.166010488516598,-18.330302779823505,2595.0
49566.69293962634,12853.28312088473,-21.166010488516598,-18.330302779823505,2600.0
49460.86288718376,12761.631606985611,-21.166010488516598,-18.330302779823498,2605.0
49355.03283474118,12669.980093086493,-21.166010488516605,-18.330302779823494,2610.0
49249.2027822986,12578.328579187375,-21.16601048851661,-18.330302779823494,2615.0
49143.37272985602,12486.677065288257,-21.166010488516612,-18.33030277982349,2620.0
49037.54267741344,12395.025551389139,-21.166010488516612,-18.330302779823487,2625.0
48931.71262497086,12303.37403749002,-21.166010488516616,-18.330302779823484,2630.0
48825.88257252828,12211.722523590903,-21.166010488516616,-18.330302779823484,2635.0
48720.0525200857,12120.071009691785,-21.16601048851662,-18.330302779823484,2640.0
48614.22246764312,12028.419495792667,-21.166010488516623,-18.330302779823473,2645.0
48508.392415200535,11936.767981893548,-21.166010488516626,-18.33030277982347,2650.0
48402.56236275795,11845.11646799443,-21.166010488516626,-18.330302779823473,2655.0
48296.73231031536,11753.464954095312,-21.166010488516623,-18.330302779823473,2660.0
48190.902257872774,11661.813440196194,-21.166010488516623,-18.330302779823477,2665.0
48085.072205430195,11570.161926297076,-21.16601048851662,-18.330302779823484,2670.0
47979.242152987616,11478.510412397958,-21.166010488516623,-18.330302779823477,2675.0
47873.41210054503,11386.85889849884,-21.166010488516623,-18.330302779823473,2680.0
47767.58204810244,11295.207384599722,-21.166010488516623,-18.330302779823473,2685.0
47661.751995659855,11203.555870700604,-21.166010488516623,-18.33030277982348,2690.0
47555.921943217276,11111.904356801486,-21.166010488516616,-18.330302779823484,2695.0
47450.0918907747,11020.252842902368,-21.166010488516623,-18.330302779823477,2700.0
47344.26183833211,10928.60132900325,-21.166010488516626,-18.330302779823473,2705.0
47238.43178588952,10836.949815104132,-21.166010488516626,-18.330302779823473,2710.0
47132.601733446936,10745.298301205014,-21.166010488516623,-18.330302779823477,2715.0
47026.77168100435,10653.646787305895,-21.166010488516623,-18.33030277982348,2720.0
46920.94162856177,10561.995273406777,-21.16601048851662,-18.330302779823484,2725.0
46815.11157611919,10470.34375950766,-21.166010488516623,-18.33030277982348,2730.0
46709.281523676604,10378.692245608541,-21.166010488516623,-18.330302779823477,2735.0
46603.451471234024,10287.040731709423,-21.16601048851662,-18.330302779823477,2740.0
46497.62141879144,10195.389217810305,-21.166010488516626,-18.330302779823473,2745.0
46391.79136634886,10103.737703911187,-21.166010488516623,-18.330302779823477,2750.0
46285.96131390627,10012.086190012069,-21.166010488516626,-18.33030277982347,2755.0
46180.131261463684,9920.434676112951,-21.166010488516623,-18.330302779823473,2760.0
46074.3012090211,9828.783162213833,-21.166010488516623,-18.330302779823473,2765.0
45968.47115657851,9737.131648314715,-21.166010488516623,-18.33030277982348,2770.0
45862.64110413593,9645.480134415597,-21.166010488516616,-18.330302779823484,2775.0
45756.81105169335,9553.828620516479,-21.166010488516623,-18.330302779823477,2780.0
45650.980999250765,9462.17710661736,-21.166010488516623,-18.330302779823477,2785.0
45545.15094680818,9370.525592718242,-21.166010488516623,-18.330302779823477,2790.0
45439.3208943656,9278.874078819124,-21.16601048851662,-18.330302779823477,2795.0
45333.49084192302,9187.222564920006,-21.166010488516623,-18.330302779823477,2800.0
45227.66078948043,9095.571051020888,-21.166010488516626,-18.33030277982347,2805.0
45121.830737037846,9003.91953712177,-21.166010488516626,-18.33030277982347,2810.0
45016.00068459526,8912.268023222652,-21.166010488516623,-18.330302779823473,2815.0
44910.17063215267,8820.616509323534,-21.166010488516623,-18.330302779823477,2820.0
44804.34057971009,8728.964995424416,-21.166010488516616,-18.330302779823484,2825.0
44698.510527267514,8637.313481525298,-21.16601048851662,-18.330302779823477,2830.0
44592.68047482493,8545.66196762618,-21.166010488516626,-18.330302779823473,2835.0
44486.85042238234,8454.010453727062,-21.166010488516623,-18.330302779823477,2840.0
44381.02036993976,8362.358939827944,-21.16601048851662,-18.330302779823484,2845.0
44275.19031749718,8270.707425928826,-21.166010488516623,-18.330302779823473,2850.0
44169.360265054594,8179.055912029708,-21.16601048851663,-18.330302779823473,2855.0
44063.53021261201,8087.404398130591,-21.166010488516626,-18.33030277982347,2860.0
43957.70016016942,7995.752884231474,-21.166010488516623,-18.33030277982348,2865.0
43851.87010772684,7904.101370332357,-21.166010488516616,-18.330302779823484,2870.0
43746.04005528426,7812.44985643324,-21.166010488516623,-18.33030277982348,2875.0
43640.210002841675,7720.798342534123,-21.166010488516623,-18.330302779823473,2880.0
43534.37995039909,7629.1468286350055,-21.166010488516623,-18.33030277982348,2885.0
43428.54989795651,7537.495314735888,-21.166010488516616,-18.330302779823484,2890.0
43322.71984551393,7445.843800836771,-21.166010488516623,-18.33030277982348,2895.0
43216.88979307134,7354.192286937654,-21.166010488516623,-18.330302779823473,2900.0
43111.059740628756,7262.540773038537,-21.166010488516623,-18.33030277982348,2905.0
43005.22968818618,7170.88925913942,-21.166010488516616,-18.330302779823487,2910.0
42899.3996357436,7079.2377452403025,-21.16601048851662,-18.330302779823484,2915.0
42793.56958330101,6987.586231341185,-21.166010488516623,-18.330302779823477,2920.0
42687.73953085843,6895.934717442068,-21.16601048851662,-18.330302779823484,2925.0
42581.90947841585,6804.283203542951,-21.166010488516623,-18.33030277982348,2930.0
42476.079425973265,6712.631689643834,-21.166010488516626,-18.330302779823473,2935.0
42370.249373530685,6620.980175744717,-21.16601048851662,-18.330302779823477,2940.0
42264.419321088106,6529.3286618455995,-21.166010488516623,-18.330302779823473,2945.0
42158.58926864552,6437.677147946482,-21.16601048851663,-18.330302779823473,2950.0
42052.75921620293,6346.025634047365,-21.166010488516623,-18.330302779823473,2955.0
41946.92916376035,6254.374120148248,-21.16601048851662,-18.330302779823484,2960.0
41841.09911131777,6162.722606249131,-21.166010488516623,-18.330302779823473,2965.0
41735.26905887519,6071.071092350014,-21.16601048851663,-18.330302779823473,2970.0
41629.4390064326,5979.419578450897,-21.166010488516623,-18.330302779823473,2975.0
41523.60895399002,5887.768064551779,-21.16601048851662,-18.330302779823484,2980.0
41417.77890154744,5796.116550652662,-21.166010488516623,-18.330302779823473,2985.0
41311.948849104854,5704.465036753545,-21.166010488516626,-18.33030277982347,2990.0
41206.11879666227,5612.813522854428,-21.166010488516623,-18.330302779823477,2995.0
41100.28874421969,5521.162008955311,-21.166010488516616,-18.330302779823484,3000.0
40994.45869177711,5429.510495056194,-21.166010488516623,-18.33030277982348,3005.0
40888.62863933452,5337.858981157076,-21.166010488516626,-18.33030277982347,3010.0
40782.79858689194,5246.207467257959,-21.16601048851662,-18.330302779823477,3015.0
40676.968534449356,5154.555953358842,-21.166010488516626,-18.330302779823473,3020.0
40571.138482006776,5062.904439459725,-21.16601048851662,-18.330302779823484,3025.0
40465.30842956419,4971.252925560608,-21.166010488516623,-18.330302779823473,3030.0
40359.47837712161,4879.601411661491,-21.166010488516616,-18.330302779823484,3035.0
40253.64832467903,4787.949897762373,-21.166010488516623,-18.330302779823473,3040.0
40147.81827223644,4696.298383863256,-21.166010488516626,-18.330302779823466,3045.0
40041.98821979386,4604.646869964139,-21.166010488516623,-18.330302779823477,3050.0
39936.15816735128,4512.995356065022,-21.166010488516616,-18.330302779823484,3055.0
39830.3281149087,4421.343842165905,-21.166010488516623,-18.330302779823477,3060.0
39724.49806246611,4329.692328266788,-21.16601048851663,-18.330302779823473,3065.0
39618.668010023524,4238.0408143676705,-21.166010488516623,-18.33030277982348,3070.0
39512.837957580945,4146.389300468553,-21.166010488516616,-18.330302779823487,3075.0
39407.007905138365,4054.7377865694357,-21.166010488516623,-18.33030277982348,3080.0
39301.17785269578,3963.0862726703185,-21.166010488516626,-18.33030277982347,3085.0
39195.3478002532,3871.434758771201,-21.16601048851662,-18.330302779823477,3090.0
39089.51774781061,3779.7832448720837,-21.166010488516626,-18.33030277982347,3095.0
38983.68769536803,3688.131730972966,-21.16601048851662,-18.330302779823484,3100.0
38877.857642925446,3596.480217073849,-21.166010488516626,-18.330302779823466,3105.0
38772.02759048287,3504.8287031747313,-21.16601048851662,-18.330302779823484,3110.0
38666.19753804028,3413.177189275614,-21.16601048851663,-18.330302779823473,3115.0
38560.3674855977,3321.525675376497,-21.16601048851662,-18.330302779823477,3120.0
38454.537433155114,3229.87416147738,-21.16601048851663,-18.330302779823473,3125.0
38348.707380712534,3138.2226475782622,-21.16601048851662,-18.330302779823484,3130.0
38242.87732826995,3046.571133679145,-21.16601048851663,-18.330302779823473,3135.0
38137.04727582737,2954.9196197800275,-21.16601048851662,-18.330302779823484,3140.0
38031.21722338478,2863.2681058809103,-21.16601048851663,-18.330302779823473,3145.0
37925.3871709422,2771.6165919817927,-21.16601048851662,-18.330302779823484,3150.0
37819.557118499615,2679.9650780826755,-21.166010488516626,-18.330302779823466,3155.0
37713.727066057036,2588.313564183558,-21.166010488516616,-18.330302779823484,3160.0
37607.89701361445,2496.6620502844407,-21.166010488516626,-18.330302779823466,3165.0
37502.06696117187,2405.010536385323,-21.16601048851662,-18.330302779823484,3170.0
37396.23690872928,2313.359022486206,-21.16601048851663,-18.33030277982347,3175.0
37290.4068562867,2221.7075085870883,-21.166010488516616,-18.330302779823484,3180.0
37184.57680384412,2130.055994687971,-21.166010488516633,-18.330302779823466,3185.0
37078.74675140154,2038.4044807888538,-21.166010488516616,-18.330302779823484,3190.0
36972.91669895895,1946.7529668897364,-21.16601048851663,-18.33030277982347,3195.0
36867.08664651637,1855.101452990619,-21.166010488516616,-18.330302779823484,3200.0
36761.256594073784,1763.4499390915016,-21.166010488516633,-18.330302779823466,3205.0
36655.426541631205,1671.7984251923842,-21.166010488516616,-18.330302779823484,3210.0
36549.59648918862,1580.1469112932668,-21.166010488516637,-18.330302779823462,3215.0
36443.76643674604,1488.4953973941494,-21.166010488516616,-18.330302779823484,3220.0
36337.93638430345,1396.843883495032,-21.166010488516637,-18.330302779823462,3225.0
36232.10633186087,1305.1923695959147,-21.166010488516616,-18.330302779823484,3230.0
36126.276279418285,1213.5408556967973,-21.16601048851664,-18.330302779823462,3235.0
36020.446226975706,1121.88934179768,-21.166010488516616,-18.330302779823484,3240.0
35914.61617453312,1030.2378278985625,-21.166010488516644,-18.330302779823455,3245.0
35808.78612209054,938.5863139994451,-21.166010488516616,-18.330302779823484,3250.0
35702.95606964795,846.9348001003278,-21.166010488516644,-18.33030277982345,3255.0
35597.12601720537,755.2832862012104,-21.166010488516612,-18.330302779823487,3260.0
35491.29596476279,663.6317723020932,-21.166010488516648,-18.330302779823445,3265.0
35385.46591232021,571.9802584029757,-21.16601048851661,-18.330302779823494,3270.0
34724.99999999999,0.0,0.0,0.0,3301.2040813113335
