x,y,v_x,v_y,t
34724.99999999999,120290.92858565852,64.08587988004845,-37.0,3755.0
35029.47926580895,120107.77390575632,60.89585316179147,-36.63093598044012,3760.0
35337.284938552984,119915.65299932269,61.56113454880615,-38.42418128672685,3765.0
35645.109944362164,119723.56558689487,61.565001161836705,-38.41748248556313,3770.0
35952.95433733321,119531.511770316,61.568878594209025,-38.41076331577276,3775.0
36260.818171878636,119339.49165204923,61.572766909085104,-38.404023653355594,3780.0
36568.701502729586,119147.50533518335,61.57666617018933,-38.39726337317572,3785.0
36876.60438493866,118955.5529234386,61.58057644181525,-38.39048234894764,3790.0
37184.52687388282,118763.6345211725,61.58449778883241,-38.38368045322215,3795.0
37492.46902526629,118571.75023338564,61.5884302766933,-38.37685755737196,3800.0
37800.43089512349,118379.90016572775,61.59237397144042,-38.37001353157712,3805.0
38108.41253982206,118188.0844245037,61.59632893971343,-38.36314824481027,3810.0
38416.414016065835,117996.3031166796,61.600295248756424,-38.35626156482161,3815.0
38724.435380897965,117804.55634988898,61.60427296642531,-38.349353358123615,3820.0
39032.476691703945,117612.8442324391,61.60826216119534,-38.34242348997556,3825.0
39340.53800621479,117421.16687331727,61.612262902168695,-38.335471824367794,3830.0
39648.6193825102,117229.52438219724,61.6162752590822,-38.32849822400571,3835.0
39956.72087902178,117037.91686944578,61.6202993023152,-38.321502550293566,3840.0
40264.84255453626,116846.34444612918,61.62433510289755,-38.314484663317955,3845.0
40572.984468198854,116654.80722402003,61.62838273251768,-38.30744442183106,3850.0
40881.14667951651,116463.30531560387,61.632442263530834,-38.30038168323358,3855.0
41189.32924836135,116271.83883408608,61.636513768967404,-38.29329630355755,3860.0
41497.53223497405,116080.40789339883,61.64059732254145,-38.286188137448605,3865.0
41805.75569996735,115889.0126082081,61.644692998659366,-38.279057038148274,3870.0
42113.999704329486,115697.65309392072,61.64880087242845,-38.27190285747573,3875.0
42422.26430942782,115506.32946669166,61.652921019666024,-38.26472544580939,3880.0
42730.54957701236,115315.04184343132,61.65705351690836,-38.25752465206819,3885.0
43038.85556921946,115123.79034181286,61.66119844141987,-38.2503003236925,3890.0
43347.18234857547,114932.57508027973,61.66535587120245,-38.24305230662477,3895.0
43655.5299780005,114741.39617805327,61.66952588500499,-38.235780445289905,3900.0
43963.89852081217,114550.2537551404,61.67370856233295,-38.228484582575206,3905.0
44272.28804072946,114359.14793234135,61.67790398345818,-38.22116455981005,3910.0
44580.698601876604,114168.07883125762,61.68211222942894,-38.21382021674525,3915.0
44889.130268787005,113977.04657429997,61.686333382079866,-38.20645139153199,3920.0
45197.58310640722,113786.05128469647,61.69056752404242,-38.199057920700575,3925.0
45506.057180100994,113595.09308650078,61.69481473875521,-38.19163963913854,3930.0
45814.55255565337,113404.17210460044,61.699075110474695,-38.18419638006872,3935.0
46123.0692992748,113213.28846472531,61.7033487242859,-38.176727975026694,3940.0
46431.60747760537,113022.44229345612,61.70763566611352,-38.169234253838,3945.0
46740.167157719035,112831.63371823315,61.71193602273294,-38.16171504459487,3950.0
47048.74840712795,112640.86286736498,61.71624988178172,-38.154170173632664,3955.0
47357.3512937868,112450.12987003745,61.720577331771,-38.14659946550576,3960.0
47665.97588609729,112259.43485632262,61.72491846209735,-38.1390027429632,3965.0
47974.62225291256,112068.77795718801,61.729273363054645,-38.13137982692378,3970.0
48283.29046354179,111878.15930450575,61.73364212584619,-38.123730536450786,3975.0
48591.98058775477,111687.57903106212,61.73802484259711,-38.11605468872625,3980.0
48900.6926957866,111497.037270567,61.742421606366875,-38.1083520990248,3985.0
49209.42685834241,111306.53415766357,61.74683251116207,-38.100622580686995,3990.0
49518.18314660216,111116.0698279381,61.75125765194933,-38.092865945092264,3995.0
49826.9616322255,110925.64441792994,61.7556971246687,-38.0850820016313,4000.0
50135.762387356735,110735.25806514155,61.760151026246916,-38.07727055767804,4005.0
50444.58548462979,110544.91090804874,61.764619454611164,-38.06943141856108,4010.0
50753.4309971733,110354.60308611106,61.769102508702986,-38.061564387534595,4015.0
51062.29899861576,110164.33473978232,61.77360028849242,-38.05366926574881,4020.0
51371.189563090724,109974.10601052122,61.778112894992404,-38.04574585221984,4025.0
51680.10276524209,109783.91704080223,61.7826404302735,-38.03779394379905,4030.0
51989.03868022948,109593.76797412652,61.78718299747875,-38.029813335141895,4035.0
52297.99738373367,109403.65895503314,61.79174070083883,-38.021803818676055,4040.0
52606.97895196211,109213.5901291103,61.79631364568763,-38.01376518456921,4045.0
52915.9834616545,109023.56164300682,61.80090193847785,-38.00569722069599,4050.0
53225.010990088485,108833.5736444438,61.80550568679713,-37.99759971260455,4055.0
53534.061615085404,108643.62628222638,61.810124999384286,-37.98947244348232,4060.0
53850.90775897739,108465.79934494071,63.36922877839651,-35.5653874571348,4065.0
54167.75036129144,108287.96617394862,63.3685204628102,-35.56663419841849,4070.0
54484.589408944536,108110.12674650481,63.36780953061973,-35.567885488760304,4075.0
54801.424888756206,107932.28103969559,63.36709596233418,-35.56914136184351,4080.0
55118.256787447426,107754.42903043695,63.3663797382437,-35.570401851728285,4085.0
55435.08509163951,107576.57069547266,63.36566083841618,-35.57166699285728,4090.0
55751.90978785298,107398.70601137236,63.36493924269396,-35.57293682006144,4095.0
56068.73086250643,107220.83495452952,63.36421493069036,-35.57421136856586,4100.0
56385.54830191536,107042.95750115954,63.363487881786206,-35.57549067399573,4105.0
56702.36209229099,106865.07362729764,63.362758075126315,-35.576774772382485,4110.0
57019.17221973907,106687.18330879678,63.362025489615824,-35.57806370017,4115.0
57335.97867025865,106509.28652132567,63.36129010391651,-35.579357494220844,4120.0
57652.78142974086,106331.38324036656,63.36055189644308,-35.58065619182288,4125.0
57969.58048396766,106153.47344121308,63.35981084535924,-35.5819598306957,4130.0
58286.375818610526,105975.55709896809,63.35906692857393,-35.583268448997416,4135.0
58603.16741922921,105797.63418854143,63.358320123737165,-35.58458208533144,4140.0
58919.955271270395,105619.70468464766,63.357570408236164,-35.58590077875352,4145.0
59236.73936006635,105441.76856180376,63.356817759190996,-35.58722456877877,4150.0
59553.5196708336,105263.82579432683,63.35606215345056,-35.58855349538898,4155.0
59870.29618867154,105085.87635633163,63.3553035675881,-35.589887599039976,4160.0
60187.068898561025,104907.92022172829,63.35454197789701,-35.591226920669136,4165.0
60503.83778536296,104729.95736421976,63.3537773603861,-35.59257150170312,4170.0
60820.60283381683,104551.98775729943,63.353009690775245,-35.59392138406571,4175.0
61137.36402853928,104374.0113742485,63.35223894449063,-35.59527661018576,4180.0
61454.12135402258,104196.02818813347,63.35146509665994,-35.59663722300544,4185.0
61770.87479463312,104018.03817180352,63.35068812210762,-35.59800326598848,4190.0
62087.62433460987,103840.04129788787,63.34990799534982,-35.59937478312872,4195.0
62404.369958062816,103662.03753879308,63.34912469058937,-35.600751818958734,4200.0
62721.11164897137,103484.0268667003,63.34833818171065,-35.60213441855876,4205.0
63037.84939118274,103306.00925356247,63.347548442274295,-35.603522627565646,4210.0
63354.583168410296,103127.98467110156,63.34675544551181,-35.60491649218213,4215.0
63671.312964231896,102949.95309080562,63.34595916432006,-35.60631605918616,4220.0
63988.038762088174,102771.91448392591,63.34515957125574,-35.60772137594067,4225.0
64304.76054528082,102593.8688214739,63.34435663852957,-35.6091324904032,4230.0
64621.478296970825,102415.81607421821,63.343550338000504,-35.61054945113606,4235.0
64938.19200017667,102237.75621268162,63.34274064116976,-35.61197230731645,4240.0
65254.90163777254,102059.68920713788,63.341927519174696,-35.61340110874697,4245.0
65571.60719248645,101881.61502760855,63.341110942782585,-35.614835905866286,4250.0
65888.30864689837,101703.53364385976,63.34029088238429,-35.61627674975999,4255.0
66205.0059834383,101525.4450253989,63.33946730798775,-35.617723692171765,4260.0
66521.69918438436,101347.34914147134,63.338640189211326,-35.61917678551474,4265.0
66838.38823186074,101169.24596105692,63.337809495277064,-35.62063608288312,4270.0
67155.07310783575,100991.1354528666,63.336975195003724,-35.622101638064045,4275.0
67471.75379411975,100813.01758533885,63.336137256799695,-35.623573505549736,4280.0
67788.43027236302,100634.8923266361,63.33529564865581,-35.62505174054992,4285.0
68105.10252405371,100456.75964464108,63.33445033813786,-35.62653639900442,4290.0
68421.77053051561,100278.6195069531,63.33360129237915,-35.628027537596225,4295.0
68738.43427290597,100100.47188088427,63.33274847807264,-35.62952521376463,4300.0
69055.09373221328,99922.31673345568,63.33189186146311,-35.63102948571885,4305.0
69371.74888925497,99744.15403139342,63.33103140833911,-35.632540412451824,4310.0
69688.3997246751,99565.98374112466,63.33016708402459,-35.6340580537544,4315.0
70005.04621894195,99387.8058287735,63.329298853370524,-35.63558247022981,4320.0
70321.68835234568,99209.62026015697,63.328426680746254,-35.637113723308445,4325.0
70638.32610499584,99031.42700078065,63.327550530030614,-35.638651875263086,4330.0
70954.95945681885,98853.22601583453,63.32667036460288,-35.6401969892243,4335.0
71271.58838755552,98675.01727018855,63.32578614733354,-35.641749129196384,4340.0
71588.21287675839,98496.80072838817,63.3248978405748,-35.643308360073554,4345.0
71904.83290378915,98318.5763546499,63.32400540615085,-35.64487474765654,4350.0
72221.4484478159,98140.34411285655,63.323108805348035,-35.64644835866963,4355.0
72538.05948781042,97962.10396655266,63.32220799890455,-35.64802926077799,4360.0
72865.58358886077,97780.83760489534,65.50482021006982,-36.253272331465865,4365.0
73180.31732402778,97562.8630717553,62.94674703340388,-43.59490662800703,4370.0
73495.13226415026,97345.03109297164,62.96298802449479,-43.566395756734316,4375.0
73810.02876934578,97127.34244885006,62.97930103910295,-43.53772882431534,4380.0
74125.00720306173,96909.7979278748,62.99568674319113,-43.508904195054136,4385.0
74440.06793212259,96692.39832683587,63.01214581217265,-43.47992020778597,4390.0
74755.21132677805,96475.14445095912,63.02867893109307,-43.45077517534948,4395.0
75070.43776075213,96258.0371140389,63.04528679481622,-43.42146738404513,4400.0
75385.7476112932,96041.0771385735,63.061970108214766,-43.39199509307964,4405.0
75701.14125922503,95824.26535590352,63.0787295863656,-43.36235653399577,4410.0
76016.61908899878,95607.60260635309,63.09556595474979,-43.332549910087074,4415.0
76332.18148874606,95391.0897393741,63.11247994945781,-43.30257339579724,4420.0
76647.82885033306,95174.72761369358,63.12947231739963,-43.27242513610335,4425.0
76963.56156941566,94958.51709746417,63.14654381652021,-43.242103245882724,4430.0
77279.38004549577,94742.45906841785,63.16369521602037,-43.21160580926265,4435.0
77595.28468197868,94526.55441402309,63.18092729658329,-43.18093087895259,4440.0
77911.27588623171,94310.8040316453,63.198240850606766,-43.150076475558166,4445.0
78227.35406964392,94095.20882871092,63.21563668244137,-43.11904058687649,4450.0
78543.51964768709,93879.76972287506,63.233115608634876,-43.087821167172045,4455.0
78859.77303997801,93664.4876421929,63.25067845818276,-43.05641613643255,4460.0
79176.11467034194,93449.36352529487,63.26832607278554,-43.024823379604236,4465.0
79492.5449668775,93234.39832156585,63.286059307112524,-42.993040745805686,4470.0
79809.06436202287,93019.59299132826,63.30387902907279,-42.9610660475196,4475.0
80125.67329262334,92804.94850602945,63.32178612009311,-42.92889705976174,4480.0
80442.37220000036,92590.46584843332,63.3397814754033,-42.896531519226265,4485.0
80759.16153002201,92376.14601281629,63.35786600432935,-42.86396712340665,4490.0
81076.04173317499,92161.99000516783,63.37604063059425,-42.83120152969138,4495.0
81393.01326463812,91947.99884339566,63.39430629262705,-42.79823235443344,4500.0
81710.07658435752,91734.1735575357,63.412663943880275,-42.76505717199289,4505.0
82027.2321571233,91520.51518996694,63.43111455315602,-42.731673513751275,4510.0
82344.48045264801,91307.02479563146,63.44965910494112,-42.698078867097315,4515.0
82661.82194564678,91093.70344225955,63.468298599751364,-42.66427067438234,4520.0
82979.2571159192,90880.55221060032,63.48703405448548,-42.63024633184486,4525.0
83296.78644843315,90667.5721946578,63.50586650278893,-42.59600318850288,4530.0
83614.41043341029,90454.76450193273,63.52479699542802,-42.5615385450129,4535.0
83932.12956641366,90242.13025367026,63.54382660067439,-42.52684965249436,4540.0
84249.94434843716,90029.67058511366,63.562956404700785,-42.49193371131831,4545.0
84567.8552859971,89817.38664576437,63.582187511987755,-42.45678786985894,4550.0
84885.86289122581,89605.27959964835,63.60152104574243,-42.42140922320665,4555.0
85203.96768196746,89393.35062558914,63.62095814832922,-42.385794811841244,4560.0
85522.17018187603,89181.60091748783,63.64049998171315,-42.34994162026361,4565.0
85840.47092051561,88970.0316846099,63.66014772791608,-42.31384657558458,4570.0
86158.87043346305,88758.64415187956,63.67990258948659,-42.2775065460691,4575.0
86477.36926241296,88547.43956018139,63.69976578998357,-42.24091833963427,4580.0
86795.96795528533,88336.41916666989,63.71973857447452,-42.20407870229906,4585.0
87114.66706633558,88125.58424508697,63.739822210048544,-42.166984316584454,4590.0
87433.4671562673,87914.93608608766,63.76001798634506,-42.12963179986152,4595.0
87752.3687923478,87704.47599757444,63.780327216098584,-42.09201770264573,4600.0
88071.3725485263,87494.20530504026,63.800751235700005,-42.054138506835216,4605.0
88390.47900555517,87284.12535192081,63.821291405775455,-42.01599062389092,4610.0
88709.68875111408,87074.23749995603,63.84194911178284,-41.97757039295624,4615.0
89029.00237993721,86864.54312956145,63.862725764627214,-41.93887407891362,4620.0
89348.42049394369,86655.04364020958,63.8836228012954,-41.89989787037585,4625.0
89667.94370237124,86445.74045082154,63.90464168551057,-41.86063787760907,4630.0
89987.57262191328,86236.63500016961,63.92578390840794,-41.82109013038495,4635.0
90307.30787685944,86027.72874729082,63.9470509892318,-41.78125057575901,4640.0
90627.15009923972,85819.02317191196,63.968444476055225,-41.74111507577211,4645.0
90947.09992897234,85610.5197748866,63.98996594652316,-41.70067940507171,4650.0
91267.15801401544,85402.22007864436,64.01161700861964,-41.65993924844978,4655.0
91587.32501052275,85194.12562765289,64.03339930146042,-41.61889019829365,4660.0
91907.60158300331,84986.23798889316,64.05531449611186,-41.57752775194622,4665.0
92227.9884044855,84778.5587523483,64.07736429643698,-41.53584730897149,4670.0
92554.68348096832,84605.52834963215,65.33901529656558,-34.60608054323034,4675.0
92881.38031637005,84432.50127955843,65.33936708034459,-34.60541401474439,4680.0
93208.07892314237,84259.4775658026,65.33972135446292,-34.60474275116555,4685.0
93534.77931391484,84086.45723237895,65.34007815449561,-34.60406668473258,4690.0
93861.48150149877,83913.44030364785,65.34043751678588,-34.603385746219224,4695.0
94188.1854988911,83740.42680432339,65.3407994784675,-34.60269986489162,4700.0
94514.89131927854,83567.41675948107,65.34116407748787,-34.60200896846426,4705.0
94841.5989760417,83394.4101945658,65.34153135263202,-34.601312983054214,4710.0
95168.30848275944,83221.40713540014,65.34190134354732,-34.60061183313375,4715.0
95495.01985321329,83048.40760819273,65.34227409076945,-34.59990544148112,4720.0
95821.73310139203,82875.41163954709,65.34264963574893,-34.599193729129546,4725.0
96148.44824149643,82702.41925647052,65.34302802087903,-34.598476615314226,4730.0
96475.16528794405,82529.43048638343,65.3434092895245,-34.5977540174173,4735.0
96801.88425537432,82356.44535712888,65.3437934860515,-34.597025850910825,4740.0
97128.6051586536,82183.46389698239,65.3441806558587,-34.59629202929731,4745.0
97455.32801288065,82010.48613466215,65.34457084540958,-34.59555246404811,4750.0
97782.05283339198,81837.51209933945,65.34496410226599,-34.59480706453936,4755.0
98108.7796357676,81664.54182064952,65.34536047512309,-34.594055737985265,4760.0
98435.50843583682,81491.57532870267,65.34576001384556,-34.593298389368826,4765.0
98762.23924968435,81318.61265409582,65.34616276950554,-34.59253492136969,4770.0
99088.97209365646,81145.65382792437,65.34656879442171,-34.591765234289156,4775.0
99415.70698436745,80972.69888179451,65.34697814220044,-34.59098922597195,4780.0
99742.44393870635,80799.74784783588,65.34739086777824,-34.590206791724974,4785.0
100069.18297384368,80626.80075871471,65.34780702746619,-34.589417824232356,4790.0
100395.92410723866,80453.85764764738,65.34822667899627,-34.5886222134673,4795.0
100722.66735664652,80280.91854841438,65.34864988156949,-34.58781984659991,4800.0
101049.41274012605,80107.98349537488,65.3490766959062,-34.58701060790112,4805.0
101376.16027604754,79935.05252348166,65.34950718429863,-34.586194378642574,4810.0
101702.90998310086,79762.12566829669,65.34994141066548,-34.585371036992036,4815.0
102029.66188030392,79589.20296600717,65.35037944060915,-34.58454045790431,4820.0
102356.41598701129,79416.28445344213,65.35082134147544,-34.583702513007225,4825.0
102683.17232292338,79243.37016808972,65.35126718241585,-34.58285707048248,4830.0
103009.93090809564,79070.46014811502,65.35171703445275,-34.582003994941324,4835.0
103336.69176294838,78897.55443237854,65.35217097054746,-34.581143147294306,4840.0
103663.45490827673,78724.65306045547,65.35262906567162,-34.58027438461524,4845.0
103990.22036526114,78551.75607265548,65.35309139688161,-34.57939755999875,4850.0
104316.98815547812,78378.86351004342,65.35355804339666,-34.578512522411195,4855.0
104643.75830091152,78205.97541446074,65.35402908668063,-34.57761911653448,4860.0
104970.53082396416,78033.09182854772,65.3545046105275,-34.57671718260251,4865.0
105297.30574746992,77860.21279576658,65.35498470115131,-34.575806556229665,4870.0
105624.08309470632,77687.33836042542,65.35546944728011,-34.57488706823102,4875.0
105950.8628894076,77514.46856770325,65.35595894025484,-34.573958544433594,4880.0
106277.64515577826,77341.60346367586,65.35645327413286,-34.57302080547845,4885.0
106604.42991850725,77168.7430953428,65.35695254579683,-34.57207366661262,4890.0
106931.21720278259,76995.88751065545,65.35745685506902,-34.57111693747073,4895.0
107258.00703430675,76823.03675854622,65.35796630483156,-34.57015042184525,4900.0
107584.79943931251,76650.190888959,65.35848100115274,-34.56917391744504,4905.0
107911.5944445796,76477.34995288079,65.35900105341999,-34.56818721564118,4910.0
108238.39207745201,76304.5140023748,65.35952657447994,-34.56719010119942,4915.0
108565.19236585594,76131.68309061481,65.36005768078581,-34.566182351998464,4920.0
108891.99533831871,75958.85727192115,65.36059449255286,-34.56516373873279,4925.0
109218.80102398832,75786.03660179816,65.3611371339222,-34.564134024599575,4930.0
109545.60945265398,75613.22113697331,65.36168573313365,-34.56309296496823,4935.0
109872.42065476753,75440.41093543815,65.36224042270834,-34.56204030703155,4940.0
110199.23466146573,75267.60605649097,65.36280133964134,-34.56097578943721,4945.0
110526.05150459375,75094.80656078148,65.36336862560553,-34.559899141898256,4950.0
110852.87121672959,74922.01251035757,65.36394242716706,-34.55881008478111,4955.0
111179.69383120966,74749.22396871423,65.36452289601338,-34.557708328669705,4960.0
111506.51938215563,74576.44100084472,65.36511018919468,-34.5565935739037,4965.0
111832.16766875687,74405.31195445104,65.12965732024767,-34.22580927873461,4970.0
112158.99407880411,74232.53061730502,65.36528200944781,-34.556267429205555,4975.0
112483.36432666735,74068.06035351296,64.87404957264626,-32.894052758412585,4980.0
112807.70183323702,73903.52795232345,64.86750131393455,-32.90648023790355,4985.0
113132.00618993277,73738.9326674429,64.8608713391509,-32.91905697610832,4990.0
113456.27697792205,73574.27373419442,64.854157597856,-32.931786649696015,4995.0
113780.51376773015,73409.55036882694,64.84735796161856,-32.944673073494755,5000.0
114104.71611883021,73244.76176778934,64.84047022001312,-32.95772020751764,5005.0
114428.88357921201,73079.90710696713,64.83349207635791,-32.97093216444158,5010.0
114753.01568492787,72914.98554087926,64.82642114317213,-32.98431321757486,5015.0
115077.11195961453,72749.9962018325,64.81925493733051,-32.99786780935183,5020.0
115401.17191398898,72584.93819903051,64.81199087489048,-33.01160056039764,5025.0
115725.1950453168,72419.81061763446,64.80462626556492,-33.02551627920937,5030.0
116049.18083685085,72254.61251777194,64.79715830681113,-33.03961997250454,5035.0
116373.12875723837,72089.34293349046,64.78958407750359,-33.05391685629317,5040.0
116697.03825989415,71924.00087165179,64.78190053115476,-33.068412367734815,5045.0
117020.90878233737,71758.58531076254,64.77410448864472,-33.08311217784878,5050.0
117344.73974548945,71593.09519973678,64.76619263041626,-33.09802220515179,5055.0
117668.5305529299,71427.52945658525,64.75816148808764,-33.11314863030613,5060.0
117992.28059010704,71261.8869670259,64.75000743543008,-33.128497911869125,5065.0
118315.98922350029,71096.16658300968,64.74172667865136,-33.14407680324511,5070.0
118639.6557997299,70930.36712115491,64.73331524592056,-33.15989237095214,5075.0
118963.2796446102,70764.48736108327,64.72476897606163,-33.1759520143271,5080.0
119286.86006214187,70598.52604364922,64.7160835063355,-33.192263486808486,5085.0
119610.39633343798,70432.48186905448,64.70725425922116,-33.208834918950004,5090.0
119933.88771557846,70266.3534948378,64.69827642809548,-33.22567484333771,5095.0
120257.33344038695,70100.13953372979,64.68914496170018,-33.24279222160233,5100.0
120580.7327131233,69933.83855136107,64.67985454727025,-33.2601964737425,5105.0
120904.08471108422,69767.44906381107,64.6703995921834,-33.27789751000026,5110.0
121227.38858210407,69600.96953498328,64.66077420397177,-33.295905765560335,5115.0
121550.64344294666,69434.39837379138,64.65097216851798,-33.314232238379304,5120.0
121873.84837757783,69267.73393113894,64.64098692623345,-33.33288853048968,5125.0
122197.00243530779,69100.97449667308,64.63081154599108,-33.35188689317004,5130.0
122520.10462879056,68934.11829529096,64.62043869655345,-33.3712402764233,5135.0
122843.15393186657,68767.16348337462,64.60986061520214,-33.39096238326725,5140.0
123166.14927723273,68600.10814472756,64.59906907323284,-33.41106772940995,5145.0
123489.0895539224,68432.95028618273,64.5880553379328,-33.4315717089648,5150.0
123811.97360457541,68265.68783284797,64.57681013060157,-33.45249066695501,5155.0
124134.80022247597,68098.31862295062,64.56532358011066,-33.47384197946709,5160.0
124457.56814833307,67930.8404022384,64.55358517142103,-33.495644142444135,5165.0
124780.27606677501,67763.25081788709,64.54158368838702,-33.517916870262354,5170.0
125102.92260252536,67595.54741186003,64.52930715006909,-33.54068120541406,5175.0
125425.50631622362,67427.72761365585,64.51674273965072,-33.563959640835485,5180.0
125748.02569984815,67259.78873237249,64.50387672490533,-33.58777625667184,5185.0
126070.47917169303,67091.72794800461,64.49069436897803,-33.612156873575344,5190.0
126392.8650708432,66923.54230187963,64.47717983003302,-33.63712922499714,5195.0
126715.18165108348,66755.22868612278,64.4633160480564,-33.662723151371026,5200.0
127037.42707416743,66586.78383202468,64.44908461679063,-33.68897081961827,5205.0
127359.5994023594,66418.20429716446,64.43446563839497,-33.71590697204527,5210.0
127681.6965901492,66249.48645111699,64.41943755795896,-33.74356920949268,5215.0
128003.71647502131,66080.6264595442,64.40397697442357,-33.77199831455741,5220.0
128325.6567671401,65911.62026643471,64.38805842375687,-33.80123862189937,5225.0
128647.51503778686,65742.46357421411,64.37165412935246,-33.83133844411887,5230.0
128969.28870635446,65573.15182139644,64.35473371352167,-33.86235056353293,5235.0
129290.97502566731,65403.68015738399,64.33726386257052,-33.89433280249038,5240.0
129612.57106534834,65234.04341394504,64.31920793620624,-33.92734868779052,5245.0
129934.07369289729,65064.23607280257,64.30052550979096,-33.961468228494574,5250.0
130255.4795520728,64894.25222864657,64.28117183510024,-33.99676883119915,5255.0
130576.78503808049,64724.08554673145,64.26109720153887,-34.033336383024036,5260.0
130897.98626895512,64553.72921402826,64.24024617492634,-34.07126654063788,5265.0
131219.07905237802,64383.17588265689,64.21855668458115,-34.11066627427355,5270.0
131540.0588469827,64212.417604007765,64.19595892093328,-34.151655729825514,5275.0
131860.92071695492,64041.4457515521,64.17237399444822,-34.194370491133526,5280.0
132170.22902754755,63875.11189643831,61.861662118525956,-33.26677102275676,5285.0
132479.4382332065,63708.599099872765,61.84184113179349,-33.30255931310948,5290.0
132788.543742826,63541.89932176133,61.821101923896876,-33.33995562228604,5295.0
133097.54051174124,63375.00373892452,61.79935378304562,-33.37911656736316,5300.0
133406.42297058075,63207.90262339679,61.77649176790227,-33.42022310554559,5305.0
133715.18493836335,63040.58519396374,61.75239355652043,-33.46348588660841,5310.0
134023.81951521285,62873.03943312202,61.726915369898464,-33.50915216834337,5315.0
134332.31894832855,62705.25185873047,61.69988662314098,-33.55751487830954,5320.0
134640.67446230398,62537.207235347596,61.67110279508779,-33.608924676576045,5325.0
134948.8760410654,62368.88820384578,61.64031575228688,-33.66380630036263,5330.0
135256.91214281967,62200.274798047234,61.607220350853424,-33.72268115970991,5335.0
135564.7693200777,62031.3438015467,61.57143545160494,-33.78619930010571,5340.0
135872.43170154365,61862.06787240222,61.53247629318827,-33.855185828896616,5345.0
136179.88026664354,61692.41432005565,61.48971301997676,-33.930710469314725,5350.0
136487.09179710766,61522.34334180901,61.44230609282627,-34.01419564932735,5355.0
136794.03730282534,61351.80538161211,61.38910114353661,-34.10759203938063,5360.0
137100.67954406617,61180.73698428303,61.32844824816293,-34.21367946581578,5365.0
137406.96889054112,61009.05388890509,61.257869294988595,-34.336619075589006,5370.0
137712.8358344475,60836.63858732964,61.17338878127774,-34.483060315090285,5375.0
138018.17590508566,60663.31536625735,61.068014127632466,-34.66464421445647,5380.0
138229.70148503274,60589.706664730984,42.3051159894126,-14.721740305273759,5385.0
138900.0,60145.46429282926,0.0,0.0,5395.866842835956
138229.70148503274,60589.706664730984,42.3051159894126,-14.721740305273759,5390.0
138900.0,60145.46429282926,0.0,0.0,5400.866842835956
138229.70148503274,60589.706664730984,42.3051159894126,-14.721740305273759,5395.0
138900.0,60145.46429282926,0.0,0.0,5405.866842835956
138229.70148503274,60589.706664730984,42.3051159894126,-14.721740305273759,5400.0
138900.0,60145.46429282926,0.0,0.0,5410.866842835956
138229.70148503274,60589.706664730984,42.3051159894126,-14.721740305273759,5405.0
138900.0,60145.46429282926,0.0,0.0,5415.866842835956
138229.70148503274,60589.706664730984,42.3051159894126,-14.721740305273759,5410.0
138900.0,60145.46429282926,0.0,0.0,5420.866842835956
138229.70148503274,60589.706664730984,42.3051159894126,-14.721740305273759,5415.0
138900.0,60145.46429282926,0.0,0.0,5425.866842835956
138229.70148503274,60589.706664730984,42.3051159894126,-14.721740305273759,5420.0
138900.0,60145.46429282926,0.0,0.0,5430.866842835956
138229.70148503274,60589.706664730984,42.3051159894126,-14.721740305273759,5425.0
138900.0,60145.46429282926,0.0,0.0,5435.866842835956
138229.70148503274,60589.706664730984,42.3051159894126,-14.721740305273759,5430.0
138900.0,60145.46429282926,0.0,0.0,5440.866842835956
138229.70148503274,60589.706664730984,42.3051159894126,-14.721740305273759,5435.0
138900.0,60145.46429282926,0.0,0.0,5445.866842835956
138229.70148503274,60589.706664730984,42.3051159894126,-14.721740305273759,5440.0
138900.0,60145.46429282926,0.0,0.0,5450.866842835956
138229.70148503274,60589.706664730984,42.3051159894126,-14.721740305273759,5445.0
138900.0,60145.46429282926,0.0,0.0,5455.866842835956
138229.70148503274,60589.706664730984,42.3051159894126,-14.721740305273759,5450.0
138900.0,60145.46429282926,0.0,0.0,5460.866842835956
138229.70148503274,60589.706664730984,42.3051159894126,-14.721740305273759,5455.0
138900.0,60145.46429282926,0.0,0.0,5465.866842835956
138229.70148503274,60589.706664730984,42.3051159894126,-14.721740305273759,5460.0
138900.0,60145.46429282926,0.0,0.0,5470.866842835956
138229.70148503274,60589.706664730984,42.3051159894126,-14.721740305273759,5465.0
138900.0,60145.46429282926,0.0,0.0,5475.866842835956
138229.70148503274,60589.706664730984,42.3051159894126,-14.721740305273759,5470.0
138900.0,60145.46429282926,0.0,0.0,5480.866842835956
138229.70148503274,60589.706664730984,42.3051159894126,-14.721740305273759,5475.0
138900.0,60145.46429282926,0.0,0.0,5485.866842835956
138229.70148503274,60589.706664730984,42.3051159894126,-14.721740305273759,5480.0
138900.0,60145.46429282926,0.0,0.0,5490.866842835956
138229.70148503274,60589.706664730984,42.3051159894126,-14.721740305273759,5485.0
138900.0,60145.46429282926,0.0,0.0,5495.866842835956
138229.70148503274,60589.706664730984,42.3051159894126,-14.721740305273759,5490.0
138900.0,60145.46429282926,0.0,0.0,5500.866842835956
138229.70148503274,60589.706664730984,42.3051159894126,-14.721740305273759,5495.0
138900.0,60145.46429282926,0.0,0.0,5505.866842835956
138229.70148503274,60589.706664730984,42.3051159894126,-14.721740305273759,5500.0
138900.0,60145.46429282926,0.0,0.0,5510.866842835956
138229.70148503274,60589.706664730984,42.3051159894126,-14.721740305273759,5505.0
138900.0,60145.46429282926,0.0,0.0,5515.866842835956
138229.70148503274,60589.706664730984,42.3051159894126,-14.721740305273759,5510.0
138900.0,60145.46429282926,0.0,0.0,5520.866842835956
138229.70148503274,60589.706664730984,42.3051159894126,-14.721740305273759,5515.0
138900.0,60145.46429282926,0.0,0.0,5525.866842835956
138229.70148503274,60589.706664730984,42.3051159894126,-14.721740305273759,5520.0
138900.0,60145.46429282926,0.0,0.0,5530.866842835956
138229.70148503274,60589.706664730984,42.3051159894126,-14.721740305273759,5525.0
138900.0,60145.46429282926,0.0,0.0,5535.866842835956
138229.70148503274,60589.706664730984,42.3051159894126,-14.721740305273759,5530.0
138900.0,60145.46429282926,0.0,0.0,5540.866842835956
138229.70148503274,60589.706664730984,42.3051159894126,-14.721740305273759,5535.0
138900.0,60145.46429282926,0.0,0.0,5545.866842835956
138229.70148503274,60589.706664730984,42.3051159894126,-14.721740305273759,5540.0
138900.0,60145.46429282926,0.0,0.0,5550.866842835956
138229.70148503274,60589.706664730984,42.3051159894126,-14.721740305273759,5545.0
138900.0,60145.46429282926,0.0,0.0,5555.866842835956
138229.70148503274,60589.706664730984,42.3051159894126,-14.721740305273759,5550.0
138900.0,60145.46429282926,0.0,0.0,5560.866842835956
138229.70148503274,60589.706664730984,42.3051159894126,-14.721740305273759,5555.0
138900.0,60145.46429282926,0.0,0.0,5565.866842835956
138229.70148503274,60589.706664730984,42.3051159894126,-14.721740305273759,5560.0
138900.0,60145.46429282926,0.0,0.0,5570.866842835956
138229.70148503274,60589.706664730984,42.3051159894126,-14.721740305273759,5565.0
138900.0,60145.46429282926,0.0,0.0,5575.866842835956
138229.70148503274,60589.706664730984,42.3051159894126,-14.721740305273759,5570.0
138900.0,60145.46429282926,0.0,0.0,5580.866842835956
138229.70148503274,60589.706664730984,42.3051159894126,-14.721740305273759,5575.0
138900.0,60145.46429282926,0.0,0.0,5585.866842835956
138229.70148503274,60589.706664730984,42.3051159894126,-14.721740305273759,5580.0
138900.0,60145.46429282926,0.0,0.0,5590.866842835956
138229.70148503274,60589.706664730984,42.3051159894126,-14.721740305273759,5585.0
138900.0,60145.46429282926,0.0,0.0,5595.866842835956
138229.70148503274,60589.706664730984,42.3051159894126,-14.721740305273759,5590.0
138900.0,60145.46429282926,0.0,0.0,5600.866842835956
138229.70148503274,60589.706664730984,42.3051159894126,-14.721740305273759,5595.0
138900.0,60145.46429282926,0.0,0.0,5605.866842835956
138229.70148503274,60589.706664730984,42.3051159894126,-14.721740305273759,5600.0
138900.0,60145.46429282926,0.0,0.0,5610.866842835956
138229.70148503274,60589.706664730984,42.3051159894126,-14.721740305273759,5605.0
138900.0,60145.46429282926,0.0,0.0,5615.866842835956
138229.70148503274,60589.706664730984,42.3051159894126,-14.721740305273759,5610.0
138900.0,60145.46429282926,0.0,0.0,5620.866842835956
138229.70148503274,60589.706664730984,42.3051159894126,-14.721740305273759,5615.0
138900.0,60145.46429282926,0.0,0.0,5625.866842835956
138229.70148503274,60589.706664730984,42.3051159894126,-14.721740305273759,5620.0
138900.0,60145.46429282926,0.0,0.0,5630.866842835956
138229.70148503274,60589.706664730984,42.3051159894126,-14.721740305273759,5625.0
138900.0,60145.46429282926,0.0,0.0,5635.866842835956
138229.70148503274,60589.706664730984,42.3051159894126,-14.721740305273759,5630.0
138900.0,60145.46429282926,0.0,0.0,5640.866842835956
138229.70148503274,60589.706664730984,42.3051159894126,-14.721740305273759,5635.0
138900.0,60145.46429282926,0.0,0.0,5645.866842835956
138229.70148503274,60589.706664730984,42.3051159894126,-14.721740305273759,5640.0
138900.0,60145.46429282926,0.0,0.0,5650.866842835956
138229.70148503274,60589.706664730984,42.3051159894126,-14.721740305273759,5645.0
138900.0,60145.46429282926,0.0,0.0,5655.866842835956
138229.70148503274,60589.706664730984,42.3051159894126,-14.721740305273759,5650.0
138900.0,60145.46429282926,0.0,0.0,5660.866842835956
138229.70148503274,60589.706664730984,42.3051159894126,-14.721740305273759,5655.0
138900.0,60145.46429282926,0.0,0.0,5665.866842835956
138229.70148503274,60589.706664730984,42.3051159894126,-14.721740305273759,5660.0
138900.0,60145.46429282926,0.0,0.0,5670.866842835956
138229.70148503274,60589.706664730984,42.3051159894126,-14.721740305273759,5665.0
138900.0,60145.46429282926,0.0,0.0,5675.866842835956
138229.70148503274,60589.706664730984,42.3051159894126,-14.721740305273759,5670.0
138900.0,60145.46429282926,0.0,0.0,5680.866842835956
138229.70148503274,60589.706664730984,42.3051159894126,-14.721740305273759,5675.0
138900.0,60145.46429282926,0.0,0.0,5685.866842835956
138229.70148503274,60589.706664730984,42.3051159894126,-14.721740305273759,5680.0
138900.0,60145.46429282926,0.0,0.0,5690.866842835956
138229.70148503274,60589.706664730984,42.3051159894126,-14.721740305273759,5685.0
138900.0,60145.46429282926,0.0,0.0,5695.866842835956
138229.70148503274,60589.706664730984,42.3051159894126,-14.721740305273759,5690.0
138900.0,60145.46429282926,0.0,0.0,5700.866842835956
138229.70148503274,60589.706664730984,42.3051159894126,-14.721740305273759,5695.0
138900.0,60145.46429282926,0.0,0.0,5705.866842835956
138229.70148503274,60589.706664730984,42.3051159894126,-14.721740305273759,5700.0
138900.0,60145.46429282926,0.0,0.0,5710.866842835956
138229.70148503274,60589.706664730984,42.3051159894126,-14.721740305273759,5705.0
138900.0,60145.46429282926,0.0,0.0,5715.866842835956
138229.70148503274,60589.706664730984,42.3051159894126,-14.721740305273759,5710.0
138900.0,60145.46429282926,0.0,0.0,5720.866842835956
138229.70148503274,60589.706664730984,42.3051159894126,-14.721740305273759,5715.0
138900.0,60145.46429282926,0.0,0.0,5725.866842835956
138229.70148503274,60589.706664730984,42.3051159894126,-14.721740305273759,5720.0
138900.0,60145.46429282926,0.0,0.0,5730.866842835956
138229.70148503274,60589.706664730984,42.3051159894126,-14.721740305273759,5725.0
138900.0,60145.46429282926,0.0,0.0,5735.866842835956
138229.70148503274,60589.706664730984,42.3051159894126,-14.721740305273759,5730.0
138900.0,60145.46429282926,0.0,0.0,5740.866842835956
138229.70148503274,60589.706664730984,42.3051159894126,-14.721740305273759,5735.0
138900.0,60145.46429282926,0.0,0.0,5745.866842835956
138229.70148503274,60589.706664730984,42.3051159894126,-14.721740305273759,5740.0
138900.0,60145.46429282926,0.0,0.0,5750.866842835956
138229.70148503274,60589.706664730984,42.3051159894126,-14.721740305273759,5745.0
138900.0,60145.46429282926,0.0,0.0,5755.866842835956
138229.70148503274,60589.706664730984,42.3051159894126,-14.721740305273759,5750.0
138900.0,60145.46429282926,0.0,0.0,5760.866842835956
138229.70148503274,60589.706664730984,42.3051159894126,-14.721740305273759,5755.0
138900.0,60145.46429282926,0.0,0.0,5765.866842835956
138229.70148503274,60589.706664730984,42.3051159894126,-14.721740305273759,5760.0
138900.0,60145.46429282926,0.0,0.0,5770.866842835956
138229.70148503274,60589.706664730984,42.3051159894126,-14.721740305273759,5765.0
138900.0,60145.46429282926,0.0,0.0,5775.866842835956
138229.70148503274,60589.706664730984,42.3051159894126,-14.721740305273759,5770.0
138900.0,60145.46429282926,0.0,0.0,5780.866842835956
138229.70148503274,60589.706664730984,42.3051159894126,-14.721740305273759,5775.0
138900.0,60145.46429282926,0.0,0.0,5785.866842835956
138229.70148503274,60589.706664730984,42.3051159894126,-14.721740305273759,5780.0
138900.0,60145.46429282926,0.0,0.0,5790.866842835956
138229.70148503274,60589.706664730984,42.3051159894126,-14.721740305273759,5785.0
138900.0,60145.46429282926,0.0,0.0,5795.866842835956
138229.70148503274,60589.706664730984,42.3051159894126,-14.721740305273759,5790.0
138900.0,60145.46429282926,0.0,0.0,5800.866842835956
138229.70148503274,60589.706664730984,42.3051159894126,-14.721740305273759,5795.0
138900.0,60145.46429282926,0.0,0.0,5805.866842835956
138229.70148503274,60589.706664730984,42.3051159894126,-14.721740305273759,5800.0
138900.0,60145.46429282926,0.0,0.0,5810.866842835956
138229.70148503274,60589.706664730984,42.3051159894126,-14.721740305273759,5805.0
138900.0,60145.46429282926,0.0,0.0,5815.866842835956
138229.70148503274,60589.706664730984,42.3051159894126,-14.721740305273759,5810.0
138900.0,60145.46429282926,0.0,0.0,5820.866842835956
138229.70148503274,60589.706664730984,42.3051159894126,-14.721740305273759,5815.0
138900.0,60145.46429282926,0.0,0.0,5825.866842835956
